timestamp,event,pod_name,pod_uid,priority,time_s
2026/01/26/20:14:06,apply-time,rs-000095-2n954,444e49a4-44d9-4949-af0d-7e7f8bd0f97b,1,18.532373
2026/01/26/20:14:06,running-time,rs-000095-2n954,444e49a4-44d9-4949-af0d-7e7f8bd0f97b,1,18.532373
2026/01/26/20:14:06,apply-time,rs-000095-qtgpl,26a975b4-e653-494b-85a9-0748bb417d14,1,19.532373
2026/01/26/20:14:06,running-time,rs-000095-qtgpl,26a975b4-e653-494b-85a9-0748bb417d14,1,19.532373
2026/01/26/20:16:40,apply-time,rs-000096-gkmbk,27d8e4b1-5e27-4e37-bf64-6184957788ba,2,173.532373
2026/01/26/20:16:40,running-time,rs-000096-gkmbk,27d8e4b1-5e27-4e37-bf64-6184957788ba,2,173.532373
2026/01/26/20:16:40,apply-time,rs-000096-grwxf,ac31ad04-1720-466d-ba93-c5a358ec5362,2,173.532373
2026/01/26/20:16:40,running-time,rs-000096-grwxf,ac31ad04-1720-466d-ba93-c5a358ec5362,2,173.532373
2026/01/26/20:16:40,apply-time,rs-000097-dtl7b,46b17040-a4ec-4983-8d3b-f009d39fd13f,1,173.532373
2026/01/26/20:16:40,running-time,rs-000097-dtl7b,46b17040-a4ec-4983-8d3b-f009d39fd13f,1,173.532373
2026/01/26/20:16:40,apply-time,rs-000097-ncbrh,6ee7beef-c51f-4233-887e-3a5ea13a2fc4,1,173.532373
2026/01/26/20:16:40,running-time,rs-000097-ncbrh,6ee7beef-c51f-4233-887e-3a5ea13a2fc4,1,173.532373
2026/01/26/20:16:40,apply-time,rs-000097-sbrdr,c876c835-d726-4a3a-b19f-ce3c8349491d,1,173.532373
2026/01/26/20:16:40,running-time,rs-000097-sbrdr,c876c835-d726-4a3a-b19f-ce3c8349491d,1,173.532373
2026/01/26/20:16:40,apply-time,rs-000098-qrdqw,bf9801cb-ec87-4edf-ba13-171f307047fe,2,173.532373
2026/01/26/20:16:40,running-time,rs-000098-qrdqw,bf9801cb-ec87-4edf-ba13-171f307047fe,2,173.532373
2026/01/26/20:16:40,apply-time,rs-000099-pz4dm,3827f43e-c799-4e1b-9ecd-d5183dce0acd,2,173.532373
2026/01/26/20:16:40,running-time,rs-000099-pz4dm,3827f43e-c799-4e1b-9ecd-d5183dce0acd,2,173.532373
2026/01/26/20:16:40,apply-time,rs-000099-sbrcj,c9d103c1-41a5-45ec-a932-33e91a7e2620,2,173.532373
2026/01/26/20:16:40,running-time,rs-000099-sbrcj,c9d103c1-41a5-45ec-a932-33e91a7e2620,2,173.532373
2026/01/26/20:16:41,apply-time,rs-000100-pxrk9,d4e6dc78-cb3a-4927-89e5-7e1d2a7f8255,3,174.532373
2026/01/26/20:16:42,running-time,rs-000100-pxrk9,d4e6dc78-cb3a-4927-89e5-7e1d2a7f8255,3,174.532373
2026/01/26/20:16:42,apply-time,rs-000101-6fl48,d0d1959e-ff98-4055-be9a-0cd994044473,2,174.532373
2026/01/26/20:16:42,running-time,rs-000101-6fl48,d0d1959e-ff98-4055-be9a-0cd994044473,2,174.532373
2026/01/26/20:16:45,apply-time,rs-000102-p5cs2,3b1eadb0-26bb-4f65-86ce-5c8ec9df1da0,1,177.532373
2026/01/26/20:16:45,running-time,rs-000102-p5cs2,3b1eadb0-26bb-4f65-86ce-5c8ec9df1da0,1,177.532373
2026/01/26/20:16:45,apply-time,rs-000102-xr8mr,976baf1f-7231-4546-850b-abadcf5019cd,1,177.532373
2026/01/26/20:16:45,running-time,rs-000102-xr8mr,976baf1f-7231-4546-850b-abadcf5019cd,1,177.532373
2026/01/26/20:16:45,apply-time,rs-000103-gfsjb,b859d3a7-21e6-43e4-a3fc-30f53287ea04,4,178.532373
2026/01/26/20:16:45,running-time,rs-000103-gfsjb,b859d3a7-21e6-43e4-a3fc-30f53287ea04,4,178.532373
2026/01/26/20:16:45,apply-time,rs-000103-mvnqn,bb8f707e-19b8-44dd-a73e-3d65e662ca64,4,178.532373
2026/01/26/20:16:45,running-time,rs-000103-mvnqn,bb8f707e-19b8-44dd-a73e-3d65e662ca64,4,178.532373
2026/01/26/20:16:45,apply-time,rs-000103-x9hb8,7c0b3fff-94c8-4240-92bc-fde28c4ec44c,4,178.532373
2026/01/26/20:16:45,running-time,rs-000103-x9hb8,7c0b3fff-94c8-4240-92bc-fde28c4ec44c,4,178.532373
2026/01/26/20:20:51,apply-time,rs-000104-drhbd,fe156f14-6703-449a-850d-b1b5e991b04c,4,424.532373
2026/01/26/20:20:51,apply-time,rs-000105-drwzd,0f8d5bb8-259b-4817-8bfc-41484c3250df,1,424.532373
2026/01/26/20:20:51,running-time,rs-000105-drwzd,0f8d5bb8-259b-4817-8bfc-41484c3250df,1,424.532373
2026/01/26/20:20:51,apply-time,rs-000106-hbcwc,79bfe8e0-a536-4118-a93d-6d17ff68e1b1,2,424.532373
2026/01/26/20:20:51,apply-time,rs-000106-hd5j6,16892c49-b367-48f8-a808-090bdb3c80c0,2,424.532373
2026/01/26/20:20:52,running-time,rs-000104-drhbd,fe156f14-6703-449a-850d-b1b5e991b04c,4,424.532373
2026/01/26/20:20:52,running-time,rs-000106-hbcwc,79bfe8e0-a536-4118-a93d-6d17ff68e1b1,2,424.532373
2026/01/26/20:20:52,running-time,rs-000106-hd5j6,16892c49-b367-48f8-a808-090bdb3c80c0,2,424.532373
2026/01/26/20:21:06,apply-time,rs-000107-fbxmr,09690524-d469-41b4-bfcc-3f2c56e7391b,1,439.532373
2026/01/26/20:21:06,running-time,rs-000107-fbxmr,09690524-d469-41b4-bfcc-3f2c56e7391b,1,439.532373
2026/01/26/20:21:06,apply-time,rs-000108-45xrx,c731330c-678d-471b-b7fe-355ed447dbc1,1,439.532373
2026/01/26/20:21:06,running-time,rs-000108-45xrx,c731330c-678d-471b-b7fe-355ed447dbc1,1,439.532373
2026/01/26/20:21:06,apply-time,rs-000108-bmbvv,9f1d6f70-0e46-470b-b6b8-9bc7136e9329,1,439.532373
2026/01/26/20:21:06,running-time,rs-000108-bmbvv,9f1d6f70-0e46-470b-b6b8-9bc7136e9329,1,439.532373
2026/01/26/20:21:06,apply-time,rs-000108-kscnr,9f10e497-3c35-4311-95e6-b90a459f7a24,1,439.532373
2026/01/26/20:21:06,running-time,rs-000108-kscnr,9f10e497-3c35-4311-95e6-b90a459f7a24,1,439.532373
2026/01/26/20:21:06,apply-time,rs-000109-gwx8c,bca67a66-c8f4-47c7-9e3e-86304938bab2,1,439.532373
2026/01/26/20:21:06,running-time,rs-000109-gwx8c,bca67a66-c8f4-47c7-9e3e-86304938bab2,1,439.532373
2026/01/26/20:21:06,apply-time,rs-000110-xm8dm,cfeb9d25-c557-4f6e-a556-233697d68763,2,439.532373
2026/01/26/20:21:06,running-time,rs-000110-xm8dm,cfeb9d25-c557-4f6e-a556-233697d68763,2,439.532373
2026/01/26/20:21:06,apply-time,rs-000111-sq75j,71bb02f8-1616-4d25-b7f1-4cb8203f0fe6,1,439.532373
2026/01/26/20:21:06,running-time,rs-000111-sq75j,71bb02f8-1616-4d25-b7f1-4cb8203f0fe6,1,439.532373
2026/01/26/20:21:06,apply-time,rs-000111-t2m2w,2e9d0019-e996-425b-8de0-a1c385f36d4a,1,439.532373
2026/01/26/20:21:06,running-time,rs-000111-t2m2w,2e9d0019-e996-425b-8de0-a1c385f36d4a,1,439.532373
2026/01/26/20:21:06,apply-time,rs-000111-v2tnw,49844ac0-eb2e-46b5-913f-c37761ca2711,1,439.532373
2026/01/26/20:21:06,running-time,rs-000111-v2tnw,49844ac0-eb2e-46b5-913f-c37761ca2711,1,439.532373
2026/01/26/20:21:07,apply-time,rs-000112-cc8p5,12e12538-1c3c-47a9-bb39-6c11f8a0884d,4,440.532373
2026/01/26/20:21:07,running-time,rs-000112-cc8p5,12e12538-1c3c-47a9-bb39-6c11f8a0884d,4,440.532373
2026/01/26/20:21:07,apply-time,rs-000112-snn8m,4095ef62-3bc4-481c-b44d-785bd4320b89,4,440.532373
2026/01/26/20:21:07,running-time,rs-000112-snn8m,4095ef62-3bc4-481c-b44d-785bd4320b89,4,440.532373
2026/01/26/20:21:07,apply-time,rs-000113-pnhqd,1e4638e3-334b-4ea4-9b71-e47738361414,1,440.532373
2026/01/26/20:21:07,running-time,rs-000113-pnhqd,1e4638e3-334b-4ea4-9b71-e47738361414,1,440.532373
2026/01/26/20:21:07,apply-time,rs-000114-bx2tl,2ad88d54-6269-4c53-9302-635bbb5a6d4d,4,440.532373
2026/01/26/20:21:07,running-time,rs-000114-bx2tl,2ad88d54-6269-4c53-9302-635bbb5a6d4d,4,440.532373
2026/01/26/20:21:07,apply-time,rs-000114-q9kkm,de2f8d1f-e2d3-47ca-bb3f-f6f15e915583,4,440.532373
2026/01/26/20:21:07,running-time,rs-000114-q9kkm,de2f8d1f-e2d3-47ca-bb3f-f6f15e915583,4,440.532373
2026/01/26/20:21:07,apply-time,rs-000114-sjkt6,b6a64b6d-e491-4c7c-a602-a26410302708,4,440.532373
2026/01/26/20:21:07,running-time,rs-000114-sjkt6,b6a64b6d-e491-4c7c-a602-a26410302708,4,440.532373
2026/01/26/20:21:34,apply-time,rs-000115-wzlvt,6feac853-06f2-4f78-a193-8a8b2416c886,1,467.532373
2026/01/26/20:21:34,running-time,rs-000115-wzlvt,6feac853-06f2-4f78-a193-8a8b2416c886,1,467.532373
2026/01/26/20:23:07,apply-time,rs-000116-c9zv6,378b130d-1484-47ce-a52f-92c366a4b870,3,560.532373
2026/01/26/20:23:07,running-time,rs-000116-c9zv6,378b130d-1484-47ce-a52f-92c366a4b870,3,560.532373
2026/01/26/20:23:07,apply-time,rs-000116-lxkqs,98d62c38-dd42-4001-aff5-4c32d97e9926,3,560.532373
2026/01/26/20:23:07,running-time,rs-000116-lxkqs,98d62c38-dd42-4001-aff5-4c32d97e9926,3,560.532373
2026/01/26/20:23:07,apply-time,rs-000116-qjwcs,72ab29af-4d72-49ef-aa0f-f6e4f3ff789c,3,560.532373
2026/01/26/20:23:07,running-time,rs-000116-qjwcs,72ab29af-4d72-49ef-aa0f-f6e4f3ff789c,3,560.532373
2026/01/26/20:24:06,apply-time,rs-000117-64lzh,77f7acd0-7c3b-4d9a-a927-75121641b106,4,619.532373
2026/01/26/20:24:06,running-time,rs-000117-64lzh,77f7acd0-7c3b-4d9a-a927-75121641b106,4,619.532373
2026/01/26/20:24:06,apply-time,rs-000117-bmx8b,71139d64-81b6-4d19-9982-171107b1ac53,4,619.532373
2026/01/26/20:24:06,running-time,rs-000117-bmx8b,71139d64-81b6-4d19-9982-171107b1ac53,4,619.532373
2026/01/26/20:24:06,apply-time,rs-000117-lfrdg,c82ee1f6-a6ac-4fbe-a703-69c1100b575f,4,619.532373
2026/01/26/20:24:06,running-time,rs-000117-lfrdg,c82ee1f6-a6ac-4fbe-a703-69c1100b575f,4,619.532373
2026/01/26/20:24:07,apply-time,rs-000118-h9g4b,4efc2d6f-66d4-487d-8add-628a041d070c,1,620.532373
2026/01/26/20:24:07,running-time,rs-000118-h9g4b,4efc2d6f-66d4-487d-8add-628a041d070c,1,620.532373
2026/01/26/20:24:35,apply-time,rs-000119-mdc52,e14187ad-e00e-44fe-9004-7f4039f9db3c,4,647.532373
2026/01/26/20:24:35,running-time,rs-000119-mdc52,e14187ad-e00e-44fe-9004-7f4039f9db3c,4,648.532373
2026/01/26/20:24:35,apply-time,rs-000119-wkhnj,02275ddf-9592-453f-88f5-22edbdd51efc,4,647.532373
2026/01/26/20:24:35,running-time,rs-000119-wkhnj,02275ddf-9592-453f-88f5-22edbdd51efc,4,648.532373
2026/01/26/20:24:35,apply-time,rs-000120-sw54c,338e2236-3416-44d2-b417-ed08812cbf56,2,648.532373
2026/01/26/20:24:35,running-time,rs-000120-sw54c,338e2236-3416-44d2-b417-ed08812cbf56,2,648.532373
2026/01/26/20:24:35,apply-time,rs-000121-bnzbs,78f7eacc-afb3-47c5-9f88-f7a97a915a25,4,648.532373
2026/01/26/20:24:35,running-time,rs-000121-bnzbs,78f7eacc-afb3-47c5-9f88-f7a97a915a25,4,648.532373
2026/01/26/20:24:35,apply-time,rs-000121-zgl74,a11f6121-373d-4b9d-9920-d3475be948d4,4,648.532373
2026/01/26/20:24:35,running-time,rs-000121-zgl74,a11f6121-373d-4b9d-9920-d3475be948d4,4,648.532373
2026/01/26/20:24:46,apply-time,rs-000122-jfc52,22c0d542-5a9d-4a07-aa16-ee0f885846ea,3,658.532373
2026/01/26/20:24:46,running-time,rs-000122-jfc52,22c0d542-5a9d-4a07-aa16-ee0f885846ea,3,658.532373
2026/01/26/20:24:46,apply-time,rs-000122-z885v,bda98dcb-8adf-4c25-af6f-d16fc8c437ee,3,658.532373
2026/01/26/20:24:46,running-time,rs-000122-z885v,bda98dcb-8adf-4c25-af6f-d16fc8c437ee,3,658.532373
2026/01/26/20:27:19,apply-time,rs-000123-m54vb,99f7c9b6-28c8-43cc-9a5e-99c96f9d4b91,3,811.532373
2026/01/26/20:27:19,running-time,rs-000123-m54vb,99f7c9b6-28c8-43cc-9a5e-99c96f9d4b91,3,811.532373
2026/01/26/20:27:19,apply-time,rs-000123-pdqws,0a45f6af-3d08-44cf-b2ca-5c74f592720b,3,811.532373
2026/01/26/20:27:19,running-time,rs-000123-pdqws,0a45f6af-3d08-44cf-b2ca-5c74f592720b,3,811.532373
2026/01/26/20:27:19,apply-time,rs-000123-ps9jt,e45b5ba0-5faf-4aa1-ab6f-43d07248c971,3,811.532373
2026/01/26/20:27:19,running-time,rs-000123-ps9jt,e45b5ba0-5faf-4aa1-ab6f-43d07248c971,3,811.532373
2026/01/26/20:27:19,apply-time,rs-000124-8q9bc,e56fdb38-f4ee-4c86-b77d-0a339b3fde4b,1,812.532373
2026/01/26/20:27:19,running-time,rs-000124-8q9bc,e56fdb38-f4ee-4c86-b77d-0a339b3fde4b,1,812.532373
2026/01/26/20:27:19,apply-time,rs-000124-tb2gj,ce1e20b3-8670-4b35-8900-c5d85ed1e46a,1,811.532373
2026/01/26/20:27:19,running-time,rs-000124-tb2gj,ce1e20b3-8670-4b35-8900-c5d85ed1e46a,1,812.532373
2026/01/26/20:27:19,apply-time,rs-000125-5r4tw,37df8c69-a01f-4590-8e92-bba570cc9a12,2,812.532373
2026/01/26/20:27:19,running-time,rs-000125-5r4tw,37df8c69-a01f-4590-8e92-bba570cc9a12,2,812.532373
2026/01/26/20:27:19,apply-time,rs-000126-48dgj,385bd20a-3695-43f0-8322-6abe21c5ac76,1,812.532373
2026/01/26/20:27:19,running-time,rs-000126-48dgj,385bd20a-3695-43f0-8322-6abe21c5ac76,1,812.532373
2026/01/26/20:27:19,apply-time,rs-000126-q6bdj,5109faea-cdcc-4afa-8c78-f64a654b9a39,1,812.532373
2026/01/26/20:27:19,running-time,rs-000126-q6bdj,5109faea-cdcc-4afa-8c78-f64a654b9a39,1,812.532373
2026/01/26/20:27:19,apply-time,rs-000127-4nlrh,dfca38d0-ccec-4ba9-b71c-117913d93a2f,1,812.532373
2026/01/26/20:27:19,running-time,rs-000127-4nlrh,dfca38d0-ccec-4ba9-b71c-117913d93a2f,1,812.532373
2026/01/26/20:27:19,apply-time,rs-000127-cjglt,39ea6a22-2be0-443f-9d76-988bb7876655,1,812.532373
2026/01/26/20:27:19,running-time,rs-000127-cjglt,39ea6a22-2be0-443f-9d76-988bb7876655,1,812.532373
2026/01/26/20:27:19,apply-time,rs-000127-z9gvt,9eacdbcf-f2dc-4072-a954-65349ff5cc1e,1,812.532373
2026/01/26/20:27:19,running-time,rs-000127-z9gvt,9eacdbcf-f2dc-4072-a954-65349ff5cc1e,1,812.532373
2026/01/26/20:27:19,apply-time,rs-000128-787lw,191aa353-2ee8-46e6-8e34-ea9256b59534,1,812.532373
2026/01/26/20:27:19,running-time,rs-000128-787lw,191aa353-2ee8-46e6-8e34-ea9256b59534,1,812.532373
2026/01/26/20:27:19,apply-time,rs-000129-qdl5t,2c423217-f2c4-40c8-8880-f310a44cf9a8,2,812.532373
2026/01/26/20:27:19,running-time,rs-000129-qdl5t,2c423217-f2c4-40c8-8880-f310a44cf9a8,2,812.532373
2026/01/26/20:27:19,apply-time,rs-000129-s7kct,42ce8dc8-25f4-451e-b4bc-3b091838f76c,2,812.532373
2026/01/26/20:27:19,running-time,rs-000129-s7kct,42ce8dc8-25f4-451e-b4bc-3b091838f76c,2,812.532373
2026/01/26/20:30:10,apply-time,rs-000130-2cp6s,62c47ac4-39e0-4a17-bb3e-3e0073fd0e77,4,983.532373
2026/01/26/20:30:10,running-time,rs-000130-2cp6s,62c47ac4-39e0-4a17-bb3e-3e0073fd0e77,4,983.532373
2026/01/26/20:30:10,apply-time,rs-000130-65djv,86712fe3-c5d6-440c-b43d-66c6c2c0d0e8,4,983.532373
2026/01/26/20:30:10,running-time,rs-000130-65djv,86712fe3-c5d6-440c-b43d-66c6c2c0d0e8,4,983.532373
2026/01/26/20:30:10,apply-time,rs-000130-94szx,08d21361-d5a7-4e7f-82a9-1e41e5dc4a0e,4,983.532373
2026/01/26/20:30:10,running-time,rs-000130-94szx,08d21361-d5a7-4e7f-82a9-1e41e5dc4a0e,4,983.532373
2026/01/26/20:30:11,apply-time,rs-000131-6857d,9c5a83b5-a2f8-437f-9f05-e55c4885d814,1,984.532373
2026/01/26/20:30:11,running-time,rs-000131-6857d,9c5a83b5-a2f8-437f-9f05-e55c4885d814,1,984.532373
2026/01/26/20:30:11,apply-time,rs-000132-bn55l,253d541d-98ff-4c04-b06b-11b2c84899b8,1,984.532373
2026/01/26/20:30:11,apply-time,rs-000132-jgtlq,519386f6-8bfe-4cde-bbfb-8db5c26024a5,1,984.532373
2026/01/26/20:30:11,apply-time,rs-000132-jhsh4,87ebba0d-7b25-4ca0-973b-909312e55334,1,984.532373
2026/01/26/20:30:11,apply-time,rs-000133-xhlm5,a8a99560-c358-415e-85c7-311afb0fd020,4,984.532373
2026/01/26/20:30:11,running-time,rs-000133-xhlm5,a8a99560-c358-415e-85c7-311afb0fd020,4,984.532373
2026/01/26/20:30:11,apply-time,rs-000134-hl6mz,f4637950-b4fd-4646-9359-eb2225715a52,2,984.532373
2026/01/26/20:30:11,running-time,rs-000134-hl6mz,f4637950-b4fd-4646-9359-eb2225715a52,2,984.532373
2026/01/26/20:30:11,apply-time,rs-000134-pqnzj,cad65f1c-3087-42a2-a029-1dbddef5048b,2,984.532373
2026/01/26/20:30:11,running-time,rs-000134-pqnzj,cad65f1c-3087-42a2-a029-1dbddef5048b,2,984.532373
2026/01/26/20:30:11,apply-time,rs-000134-vzlql,1f7927ee-bc38-45a4-a4d0-84c775ad0af0,2,984.532373
2026/01/26/20:30:11,running-time,rs-000134-vzlql,1f7927ee-bc38-45a4-a4d0-84c775ad0af0,2,984.532373
2026/01/26/20:30:11,apply-time,rs-000135-5g5xg,4d85fe37-e0c0-4cf8-be01-db41c23a420c,1,984.532373
2026/01/26/20:30:11,running-time,rs-000135-5g5xg,4d85fe37-e0c0-4cf8-be01-db41c23a420c,1,984.532373
2026/01/26/20:30:11,apply-time,rs-000135-k975h,c58bcca4-7183-49eb-a029-4477de45746a,1,984.532373
2026/01/26/20:30:11,running-time,rs-000135-k975h,c58bcca4-7183-49eb-a029-4477de45746a,1,984.532373
2026/01/26/20:30:12,apply-time,rs-000136-tcgsl,72b18964-e1ac-4b8b-985e-1de33e9b2361,2,984.532373
2026/01/26/20:30:12,running-time,rs-000136-tcgsl,72b18964-e1ac-4b8b-985e-1de33e9b2361,2,984.532373
2026/01/26/20:30:12,apply-time,rs-000136-zqtf8,68d8ce03-e6b8-4068-8ad7-bb77c171835b,2,985.532373
2026/01/26/20:30:12,running-time,rs-000136-zqtf8,68d8ce03-e6b8-4068-8ad7-bb77c171835b,2,985.532373
2026/01/26/20:30:12,apply-time,rs-000137-bf2rf,3e3dc1eb-95e8-4cf8-94c3-34ad689e26e9,1,985.532373
2026/01/26/20:30:12,running-time,rs-000137-bf2rf,3e3dc1eb-95e8-4cf8-94c3-34ad689e26e9,1,985.532373
2026/01/26/20:30:12,apply-time,rs-000137-cxtjn,4bfd8b1e-d069-4909-a055-783888448c34,1,985.532373
2026/01/26/20:30:12,running-time,rs-000137-cxtjn,4bfd8b1e-d069-4909-a055-783888448c34,1,985.532373
2026/01/26/20:30:12,apply-time,rs-000137-rjjfm,094d6724-09b7-4b29-9f1b-8c41bb896171,1,984.532373
2026/01/26/20:30:12,running-time,rs-000137-rjjfm,094d6724-09b7-4b29-9f1b-8c41bb896171,1,984.532373
2026/01/26/20:30:12,apply-time,rs-000138-4s6d9,a4d3a2e2-1b4f-475c-b5ba-b487a9d15908,3,985.532373
2026/01/26/20:30:12,running-time,rs-000138-4s6d9,a4d3a2e2-1b4f-475c-b5ba-b487a9d15908,3,985.532373
2026/01/26/20:30:12,apply-time,rs-000138-9w7db,010fe7a3-6596-4b69-ab07-fc558d1bc47a,3,985.532373
2026/01/26/20:30:12,running-time,rs-000138-9w7db,010fe7a3-6596-4b69-ab07-fc558d1bc47a,3,985.532373
2026/01/26/20:30:12,apply-time,rs-000138-hvk5n,580ecba0-473a-48b0-8715-8bf0d651c429,3,985.532373
2026/01/26/20:30:12,running-time,rs-000138-hvk5n,580ecba0-473a-48b0-8715-8bf0d651c429,3,985.532373
2026/01/26/20:30:12,apply-time,rs-000139-c7vkz,fc3dfd4d-db4e-47c8-933b-343cc8f26e23,3,985.532373
2026/01/26/20:30:12,apply-time,rs-000139-n4gwb,139acf27-0103-4523-8a1b-611dc9722414,3,985.532373
2026/01/26/20:30:12,running-time,rs-000139-n4gwb,139acf27-0103-4523-8a1b-611dc9722414,3,985.532373
2026/01/26/20:30:12,apply-time,rs-000140-89542,b47dece3-e0e8-4d17-b3a2-0527d25a1d98,2,985.532373
2026/01/26/20:30:12,running-time,rs-000140-89542,b47dece3-e0e8-4d17-b3a2-0527d25a1d98,2,985.532373
2026/01/26/20:30:12,apply-time,rs-000140-cmrjs,39ee43d1-e34a-4d46-bbc3-eba4cc5500e0,2,985.532373
2026/01/26/20:30:12,running-time,rs-000140-cmrjs,39ee43d1-e34a-4d46-bbc3-eba4cc5500e0,2,985.532373
2026/01/26/20:30:12,apply-time,rs-000140-vjmjp,0b82c2f2-2feb-498f-b809-260948c7a634,2,985.532373
2026/01/26/20:30:12,running-time,rs-000140-vjmjp,0b82c2f2-2feb-498f-b809-260948c7a634,2,985.532373
2026/01/26/20:30:13,running-time,rs-000139-c7vkz,fc3dfd4d-db4e-47c8-933b-343cc8f26e23,3,985.532373
2026/01/26/20:30:13,apply-time,rs-000141-lkth6,fdb931f6-9cef-4d8f-9982-596c53e3a570,3,985.532373
2026/01/26/20:30:13,running-time,rs-000141-lkth6,fdb931f6-9cef-4d8f-9982-596c53e3a570,3,985.532373
2026/01/26/20:30:13,apply-time,rs-000142-sjzd7,0b473c39-81d2-4474-96fa-6f3ec8da5293,2,986.532373
2026/01/26/20:30:13,running-time,rs-000142-sjzd7,0b473c39-81d2-4474-96fa-6f3ec8da5293,2,986.532373
2026/01/26/20:30:13,apply-time,rs-000143-z4clv,74c21d6d-5cdb-498f-93d0-7a254f19ba3c,3,986.532373
2026/01/26/20:30:13,running-time,rs-000143-z4clv,74c21d6d-5cdb-498f-93d0-7a254f19ba3c,3,986.532373
2026/01/26/20:30:13,apply-time,rs-000144-9spdh,85cbeb3f-5430-4583-bc41-c355328dfbe3,4,986.532373
2026/01/26/20:30:13,running-time,rs-000144-9spdh,85cbeb3f-5430-4583-bc41-c355328dfbe3,4,986.532373
2026/01/26/20:30:13,apply-time,rs-000145-gvflz,33445e69-17e9-4a1d-b4f7-e9a482e56e54,3,986.532373
2026/01/26/20:30:13,running-time,rs-000145-gvflz,33445e69-17e9-4a1d-b4f7-e9a482e56e54,3,986.532373
2026/01/26/20:30:13,apply-time,rs-000146-pt4hx,a5d8eb4f-7e66-4ae1-93e2-653d673c1b16,3,986.532373
2026/01/26/20:30:13,apply-time,rs-000147-6t9km,678b2428-ee40-422e-aac7-bac8bf63caf6,2,986.532373
2026/01/26/20:30:13,running-time,rs-000147-6t9km,678b2428-ee40-422e-aac7-bac8bf63caf6,2,986.532373
2026/01/26/20:30:14,apply-time,rs-000146-bwlgq,6da09e97-0a93-483a-b2a2-f39bebce99b2,3,987.532373
2026/01/26/20:30:14,running-time,rs-000146-bwlgq,6da09e97-0a93-483a-b2a2-f39bebce99b2,3,987.532373
2026/01/26/20:30:14,running-time,rs-000146-pt4hx,a5d8eb4f-7e66-4ae1-93e2-653d673c1b16,3,986.532373
2026/01/26/20:30:14,apply-time,rs-000147-kh6gl,6579b1fe-11be-4a98-9fea-1d574566be1a,2,987.532373
2026/01/26/20:30:14,running-time,rs-000147-kh6gl,6579b1fe-11be-4a98-9fea-1d574566be1a,2,987.532373
2026/01/26/20:30:14,apply-time,rs-000147-qsf7k,167d48e9-ae84-4ca6-a5b2-e388f24971ff,2,986.532373
2026/01/26/20:30:14,running-time,rs-000147-qsf7k,167d48e9-ae84-4ca6-a5b2-e388f24971ff,2,986.532373
2026/01/26/20:32:17,apply-time,rs-000148-q5xt8,94022708-aaad-4b3d-ae9e-8042082a33ef,2,1109.532373
2026/01/26/20:32:17,running-time,rs-000148-q5xt8,94022708-aaad-4b3d-ae9e-8042082a33ef,2,1109.532373
2026/01/26/20:32:17,apply-time,rs-000149-dlq9l,7ec65f80-7754-4b2e-89cf-44e9aa27bbac,2,1109.532373
2026/01/26/20:32:17,running-time,rs-000149-dlq9l,7ec65f80-7754-4b2e-89cf-44e9aa27bbac,2,1109.532373
2026/01/26/20:32:18,apply-time,rs-000150-nwlfj,126d0f63-7dc8-4951-bd29-8b820c24891c,1,1111.532373
2026/01/26/20:32:18,running-time,rs-000150-nwlfj,126d0f63-7dc8-4951-bd29-8b820c24891c,1,1111.532373
2026/01/26/20:32:31,apply-time,rs-000151-6vs74,af995468-8cc1-4d10-9292-c6b227441704,1,1124.532373
2026/01/26/20:32:31,running-time,rs-000151-6vs74,af995468-8cc1-4d10-9292-c6b227441704,1,1124.532373
2026/01/26/20:32:31,apply-time,rs-000151-mk2nz,8d741914-a4dd-4b98-9035-77fd32f34ad3,1,1124.532373
2026/01/26/20:32:31,running-time,rs-000151-mk2nz,8d741914-a4dd-4b98-9035-77fd32f34ad3,1,1124.532373
2026/01/26/20:32:52,apply-time,rs-000152-h5k55,1619c38f-da22-41ec-bb55-1fb1749edf8d,2,1145.532373
2026/01/26/20:32:52,running-time,rs-000152-h5k55,1619c38f-da22-41ec-bb55-1fb1749edf8d,2,1145.532373
2026/01/26/20:32:52,apply-time,rs-000152-st7cj,5758acd8-bda0-465d-aeb1-ea003b68d188,2,1145.532373
2026/01/26/20:32:52,running-time,rs-000152-st7cj,5758acd8-bda0-465d-aeb1-ea003b68d188,2,1145.532373
2026/01/26/20:32:52,apply-time,rs-000152-z4xv9,51a2bda6-0f03-4549-b8d0-d4cda2cf1be3,2,1145.532373
2026/01/26/20:32:52,running-time,rs-000152-z4xv9,51a2bda6-0f03-4549-b8d0-d4cda2cf1be3,2,1145.532373
2026/01/26/20:33:13,apply-time,rs-000153-769dt,2ff3c7f0-54d7-4cb3-a99e-aed83e1e0c6a,2,1166.532373
2026/01/26/20:33:14,running-time,rs-000153-769dt,2ff3c7f0-54d7-4cb3-a99e-aed83e1e0c6a,2,1166.532373
2026/01/26/20:33:14,apply-time,rs-000153-m4d8h,f870fb6c-947e-43ee-96a9-99255e5d8350,2,1166.532373
2026/01/26/20:33:14,running-time,rs-000153-m4d8h,f870fb6c-947e-43ee-96a9-99255e5d8350,2,1166.532373
2026/01/26/20:33:14,apply-time,rs-000153-wd9hr,74c2ddba-3cb2-4084-8c5a-30edb2f9540f,2,1166.532373
2026/01/26/20:33:14,running-time,rs-000153-wd9hr,74c2ddba-3cb2-4084-8c5a-30edb2f9540f,2,1166.532373
2026/01/26/20:33:14,apply-time,rs-000154-6hmq2,507b2f0a-9781-459d-b552-57d636c45be6,1,1166.532373
2026/01/26/20:33:14,running-time,rs-000154-6hmq2,507b2f0a-9781-459d-b552-57d636c45be6,1,1166.532373
2026/01/26/20:33:14,apply-time,rs-000154-m6q2m,59fe99a9-aaf8-499b-b0b6-347087d09a97,1,1166.532373
2026/01/26/20:33:14,running-time,rs-000154-m6q2m,59fe99a9-aaf8-499b-b0b6-347087d09a97,1,1166.532373
2026/01/26/20:33:14,apply-time,rs-000154-wd558,7d99c22a-be53-4dbe-a87e-43ae007ec24e,1,1166.532373
2026/01/26/20:33:14,running-time,rs-000154-wd558,7d99c22a-be53-4dbe-a87e-43ae007ec24e,1,1166.532373
2026/01/26/20:33:14,apply-time,rs-000155-bl7mm,24318363-4ab8-4fde-9415-272e837d0d1f,2,1166.532373
2026/01/26/20:33:14,running-time,rs-000155-bl7mm,24318363-4ab8-4fde-9415-272e837d0d1f,2,1166.532373
2026/01/26/20:33:36,apply-time,rs-000156-4hkzj,9e373318-25fa-40f3-90b2-797550ee5f0a,2,1189.532373
2026/01/26/20:33:36,running-time,rs-000156-4hkzj,9e373318-25fa-40f3-90b2-797550ee5f0a,2,1189.532373
2026/01/26/20:33:36,apply-time,rs-000157-cgc74,d4d217af-0efe-45f7-b31a-84da80dac491,2,1189.532373
2026/01/26/20:33:36,running-time,rs-000157-cgc74,d4d217af-0efe-45f7-b31a-84da80dac491,2,1189.532373
2026/01/26/20:33:36,apply-time,rs-000157-svqjt,8b993d7c-da11-4160-a116-98cf61134dcb,2,1189.532373
2026/01/26/20:33:36,running-time,rs-000157-svqjt,8b993d7c-da11-4160-a116-98cf61134dcb,2,1189.532373
2026/01/26/20:34:41,apply-time,rs-000158-vkv6q,4055c211-1a90-4376-b40e-d9fec29d368d,4,1254.532373
2026/01/26/20:34:41,running-time,rs-000158-vkv6q,4055c211-1a90-4376-b40e-d9fec29d368d,4,1254.532373
2026/01/26/20:34:41,apply-time,rs-000159-r4lng,7f6dbaf2-872e-4886-8539-96dc24c50d11,1,1254.532373
2026/01/26/20:34:41,running-time,rs-000159-r4lng,7f6dbaf2-872e-4886-8539-96dc24c50d11,1,1254.532373
2026/01/26/20:34:41,apply-time,rs-000160-c2mjq,9a5f1489-0c60-4ab6-8249-02aba63d0d7f,1,1254.532373
2026/01/26/20:34:41,running-time,rs-000160-c2mjq,9a5f1489-0c60-4ab6-8249-02aba63d0d7f,1,1254.532373
2026/01/26/20:34:41,apply-time,rs-000160-xp7r7,0f36cdce-fe5e-43f6-8e5a-0537248f5549,1,1254.532373
2026/01/26/20:34:41,running-time,rs-000160-xp7r7,0f36cdce-fe5e-43f6-8e5a-0537248f5549,1,1254.532373
2026/01/26/20:34:41,apply-time,rs-000161-2p87q,d361b102-1f40-47b0-a8a7-f9867a00faa1,3,1254.532373
2026/01/26/20:34:41,running-time,rs-000161-2p87q,d361b102-1f40-47b0-a8a7-f9867a00faa1,3,1254.532373
2026/01/26/20:34:41,apply-time,rs-000162-7f9vj,f0214bb9-f6e1-4a56-870a-42320fa52e33,1,1254.532373
2026/01/26/20:34:41,running-time,rs-000162-7f9vj,f0214bb9-f6e1-4a56-870a-42320fa52e33,1,1254.532373
2026/01/26/20:34:41,apply-time,rs-000162-xls74,534d1830-ef40-4f58-88b8-7d73bd3ddca3,1,1254.532373
2026/01/26/20:34:41,running-time,rs-000162-xls74,534d1830-ef40-4f58-88b8-7d73bd3ddca3,1,1254.532373
2026/01/26/20:34:41,apply-time,rs-000163-hrd9r,9545cb4e-d3be-42c7-ae51-46487cb5503c,2,1254.532373
2026/01/26/20:34:41,apply-time,rs-000163-nmj8j,27ea3e25-2ded-4ddf-b060-2e8a32612500,2,1254.532373
2026/01/26/20:34:41,running-time,rs-000163-nmj8j,27ea3e25-2ded-4ddf-b060-2e8a32612500,2,1254.532373
2026/01/26/20:34:41,apply-time,rs-000163-tmkbk,03b03d2e-dc57-47ca-888f-7e7537cd1a01,2,1254.532373
2026/01/26/20:34:41,running-time,rs-000163-tmkbk,03b03d2e-dc57-47ca-888f-7e7537cd1a01,2,1254.532373
2026/01/26/20:34:42,running-time,rs-000163-hrd9r,9545cb4e-d3be-42c7-ae51-46487cb5503c,2,1254.532373
2026/01/26/20:35:00,apply-time,rs-000164-d9w28,cbc8c8fa-1aa1-498a-91e0-c3513260c55d,1,1273.532373
2026/01/26/20:35:00,running-time,rs-000164-d9w28,cbc8c8fa-1aa1-498a-91e0-c3513260c55d,1,1273.532373
2026/01/26/20:35:00,apply-time,rs-000164-k22lr,e29738d7-27bc-4440-ba3a-e8961488954a,1,1273.532373
2026/01/26/20:35:00,running-time,rs-000164-k22lr,e29738d7-27bc-4440-ba3a-e8961488954a,1,1273.532373
2026/01/26/20:35:00,apply-time,rs-000165-5wspx,9d76f560-ea74-46d6-8d05-660b779a54d6,1,1273.532373
2026/01/26/20:35:00,running-time,rs-000165-5wspx,9d76f560-ea74-46d6-8d05-660b779a54d6,1,1273.532373
2026/01/26/20:35:00,apply-time,rs-000165-sfbsn,74d64428-aa05-4f72-81f7-5a81ca3cb06e,1,1273.532373
2026/01/26/20:35:00,apply-time,rs-000165-xt82p,145a96f8-e554-448e-a002-e80ca566ea37,1,1273.532373
2026/01/26/20:35:00,apply-time,rs-000166-w4zws,9d57e9df-0ab6-4c45-a2bd-9c6965f540e7,1,1273.532373
2026/01/26/20:35:00,running-time,rs-000166-w4zws,9d57e9df-0ab6-4c45-a2bd-9c6965f540e7,1,1273.532373
2026/01/26/20:35:02,apply-time,rs-000167-z62q7,558a741f-69df-491b-bc69-c9dfa436a362,1,1275.532373
2026/01/26/20:35:03,apply-time,rs-000167-fxnkf,e667a06e-29c0-4df2-880c-1284c88e8fe3,1,1275.532373
2026/01/26/20:35:03,running-time,rs-000167-fxnkf,e667a06e-29c0-4df2-880c-1284c88e8fe3,1,1275.532373
2026/01/26/20:35:03,running-time,rs-000167-z62q7,558a741f-69df-491b-bc69-c9dfa436a362,1,1275.532373
2026/01/26/20:35:03,apply-time,rs-000168-4hbb7,893a4185-a517-4217-b54c-8b6f80391913,2,1275.532373
2026/01/26/20:35:03,running-time,rs-000168-4hbb7,893a4185-a517-4217-b54c-8b6f80391913,2,1275.532373
2026/01/26/20:35:03,apply-time,rs-000169-xxckv,b7d4d01e-2fc5-4fa3-a833-ef071e29af58,3,1276.532373
2026/01/26/20:35:03,running-time,rs-000169-xxckv,b7d4d01e-2fc5-4fa3-a833-ef071e29af58,3,1276.532373
2026/01/26/20:35:03,apply-time,rs-000170-dqrgx,ec524abb-58b6-482c-a896-b6c32fa21918,3,1276.532373
2026/01/26/20:35:03,running-time,rs-000170-dqrgx,ec524abb-58b6-482c-a896-b6c32fa21918,3,1276.532373
2026/01/26/20:35:03,apply-time,rs-000170-z57tm,41be0a96-b261-4e10-8887-bd498786c975,3,1276.532373
2026/01/26/20:35:03,running-time,rs-000170-z57tm,41be0a96-b261-4e10-8887-bd498786c975,3,1276.532373
2026/01/26/20:35:03,apply-time,rs-000171-47nww,8a235289-6e04-4aa7-95c0-14fd350abdab,1,1276.532373
2026/01/26/20:35:03,running-time,rs-000171-47nww,8a235289-6e04-4aa7-95c0-14fd350abdab,1,1276.532373
2026/01/26/20:35:03,apply-time,rs-000171-8nqfr,d2ced027-20a7-44f4-892b-3ea6afe31874,1,1276.532373
2026/01/26/20:35:03,running-time,rs-000171-8nqfr,d2ced027-20a7-44f4-892b-3ea6afe31874,1,1276.532373
2026/01/26/20:35:03,apply-time,rs-000171-w64wg,6e13a3fb-5a9c-456d-94e6-7571db8d27ca,1,1276.532373
2026/01/26/20:35:03,running-time,rs-000171-w64wg,6e13a3fb-5a9c-456d-94e6-7571db8d27ca,1,1276.532373
2026/01/26/20:35:03,apply-time,rs-000172-ldmfj,443dd6b7-3716-431d-bd77-17e5b90aa637,1,1276.532373
2026/01/26/20:35:03,running-time,rs-000172-ldmfj,443dd6b7-3716-431d-bd77-17e5b90aa637,1,1276.532373
2026/01/26/20:35:03,apply-time,rs-000172-s5r6w,a34bccf6-197a-47e3-91c7-b8ccdabcf949,1,1276.532373
2026/01/26/20:35:03,running-time,rs-000172-s5r6w,a34bccf6-197a-47e3-91c7-b8ccdabcf949,1,1276.532373
2026/01/26/20:35:03,apply-time,rs-000172-vf5rn,d77afb37-bc4e-456f-a980-22d8693d78d8,1,1276.532373
2026/01/26/20:35:03,running-time,rs-000172-vf5rn,d77afb37-bc4e-456f-a980-22d8693d78d8,1,1276.532373
2026/01/26/20:35:04,apply-time,rs-000172-xgmzv,b7761747-864f-4306-9acb-70834ba0ba30,1,1277.532373
2026/01/26/20:35:04,running-time,rs-000172-xgmzv,b7761747-864f-4306-9acb-70834ba0ba30,1,1277.532373
2026/01/26/20:35:04,apply-time,rs-000173-6767r,c44d5d27-ea5c-443e-af80-999746829d3f,1,1277.532373
2026/01/26/20:35:04,apply-time,rs-000174-n965t,de5a0a39-0e30-4740-a0da-88892eacb3de,3,1277.532373
2026/01/26/20:35:04,running-time,rs-000174-n965t,de5a0a39-0e30-4740-a0da-88892eacb3de,3,1277.532373
2026/01/26/20:35:04,apply-time,rs-000175-4xscd,763c793f-b6ce-45f2-9c65-0a95781639bc,3,1276.532373
2026/01/26/20:35:04,running-time,rs-000175-4xscd,763c793f-b6ce-45f2-9c65-0a95781639bc,3,1277.532373
2026/01/26/20:35:04,apply-time,rs-000175-ksxf6,7406a75d-302d-42f3-bf18-d025e0924c45,3,1277.532373
2026/01/26/20:35:04,running-time,rs-000175-ksxf6,7406a75d-302d-42f3-bf18-d025e0924c45,3,1277.532373
2026/01/26/20:35:04,apply-time,rs-000175-mncx7,80573dc0-c752-4089-a4b3-a77715dae931,3,1277.532373
2026/01/26/20:35:04,running-time,rs-000175-mncx7,80573dc0-c752-4089-a4b3-a77715dae931,3,1277.532373
2026/01/26/20:35:05,apply-time,rs-000172-lhx7s,f64ffd43-20ba-4a6f-9129-35e90f98ee0d,1,1278.532373
2026/01/26/20:35:05,running-time,rs-000172-lhx7s,f64ffd43-20ba-4a6f-9129-35e90f98ee0d,1,1278.532373
2026/01/26/20:35:12,apply-time,rs-000176-jt7lv,47b45ceb-bacb-4216-9323-805cb890faba,1,1285.532373
2026/01/26/20:35:12,running-time,rs-000176-jt7lv,47b45ceb-bacb-4216-9323-805cb890faba,1,1285.532373
2026/01/26/20:35:30,apply-time,rs-000177-7bfjq,09f4ed5a-fa46-4db3-8070-0fb4e97b48c8,1,1303.532373
2026/01/26/20:35:30,running-time,rs-000177-7bfjq,09f4ed5a-fa46-4db3-8070-0fb4e97b48c8,1,1303.532373
2026/01/26/20:35:31,running-time,rs-000165-xt82p,145a96f8-e554-448e-a002-e80ca566ea37,1,1304.532373
2026/01/26/20:35:38,apply-time,rs-000178-dh55z,c598fdab-bc83-493e-a1c4-05fdee32ee08,1,1311.532373
2026/01/26/20:35:38,running-time,rs-000178-dh55z,c598fdab-bc83-493e-a1c4-05fdee32ee08,1,1311.532373
2026/01/26/20:35:38,apply-time,rs-000178-mfdlc,f3939d23-e2b1-47da-a976-bbfd95fcd0d7,1,1311.532373
2026/01/26/20:35:38,running-time,rs-000178-mfdlc,f3939d23-e2b1-47da-a976-bbfd95fcd0d7,1,1311.532373
2026/01/26/20:35:38,apply-time,rs-000179-48c4c,1cb723ce-bb3a-4e38-a879-8e72bc8ea314,4,1311.532373
2026/01/26/20:35:38,running-time,rs-000179-48c4c,1cb723ce-bb3a-4e38-a879-8e72bc8ea314,4,1311.532373
2026/01/26/20:35:38,apply-time,rs-000179-jmj5p,cf8ab523-206f-48b4-b45a-370fb768a020,4,1311.532373
2026/01/26/20:35:38,running-time,rs-000179-jmj5p,cf8ab523-206f-48b4-b45a-370fb768a020,4,1311.532373
2026/01/26/20:35:38,apply-time,rs-000179-zv2gv,698c0f65-9eff-4216-a3ba-5c3b905b5bc1,4,1311.532373
2026/01/26/20:35:38,running-time,rs-000179-zv2gv,698c0f65-9eff-4216-a3ba-5c3b905b5bc1,4,1311.532373
2026/01/26/20:35:38,apply-time,rs-000180-kwhlg,3f6e183f-6466-4d55-8fe3-c05e27d17e64,2,1311.532373
2026/01/26/20:35:38,running-time,rs-000180-kwhlg,3f6e183f-6466-4d55-8fe3-c05e27d17e64,2,1311.532373
2026/01/26/20:35:38,apply-time,rs-000181-dnhgf,4cf1dea1-6e6d-4d1a-9068-e652f7848a69,3,1311.532373
2026/01/26/20:35:38,running-time,rs-000181-dnhgf,4cf1dea1-6e6d-4d1a-9068-e652f7848a69,3,1311.532373
2026/01/26/20:35:38,apply-time,rs-000181-s6btr,4c02044a-b93e-415d-949b-eab78fc6f1df,3,1311.532373
2026/01/26/20:35:38,running-time,rs-000181-s6btr,4c02044a-b93e-415d-949b-eab78fc6f1df,3,1311.532373
2026/01/26/20:35:38,apply-time,rs-000182-76skz,51a33353-949e-47d2-a997-f8256b648117,2,1311.532373
2026/01/26/20:35:38,running-time,rs-000182-76skz,51a33353-949e-47d2-a997-f8256b648117,2,1311.532373
2026/01/26/20:35:38,apply-time,rs-000182-s5jnz,aa27b9f3-f2df-42dd-b0e7-d1954e9966e0,2,1311.532373
2026/01/26/20:35:38,running-time,rs-000182-s5jnz,aa27b9f3-f2df-42dd-b0e7-d1954e9966e0,2,1311.532373
2026/01/26/20:35:46,apply-time,rs-000183-jqvr8,8e11e2d5-b331-4cfe-b486-9afc5e3b052a,2,1318.532373
2026/01/26/20:35:46,running-time,rs-000183-jqvr8,8e11e2d5-b331-4cfe-b486-9afc5e3b052a,2,1318.532373
2026/01/26/20:35:46,apply-time,rs-000183-rprhw,ae85c1ab-de70-4dc1-949e-10f434c3737e,2,1318.532373
2026/01/26/20:35:46,running-time,rs-000183-rprhw,ae85c1ab-de70-4dc1-949e-10f434c3737e,2,1318.532373
2026/01/26/20:36:32,apply-time,rs-000164-l4n4g,2349cc94-4a89-4bcb-aef2-c89742ea0d81,1,1365.532373
2026/01/26/20:36:32,running-time,rs-000164-l4n4g,2349cc94-4a89-4bcb-aef2-c89742ea0d81,1,1365.532373
2026/01/26/20:36:32,apply-time,rs-000166-7qc6d,196d0b79-890e-4d35-aacc-f1133bc60cf6,1,1365.532373
2026/01/26/20:36:32,running-time,rs-000166-7qc6d,196d0b79-890e-4d35-aacc-f1133bc60cf6,1,1365.532373
2026/01/26/20:36:32,apply-time,rs-000167-lbsdn,b1666a41-7b57-4105-990d-58289d092466,1,1364.532373
2026/01/26/20:36:32,running-time,rs-000167-lbsdn,b1666a41-7b57-4105-990d-58289d092466,1,1365.532373
2026/01/26/20:36:32,apply-time,rs-000184-gvmjq,8215192c-586d-4fd0-ac12-bc33328695dd,2,1364.532373
2026/01/26/20:36:32,running-time,rs-000184-gvmjq,8215192c-586d-4fd0-ac12-bc33328695dd,2,1365.532373
2026/01/26/20:36:32,apply-time,rs-000184-j87vw,2892f094-2582-4fff-846e-d9192b1ea39e,2,1364.532373
2026/01/26/20:36:32,running-time,rs-000184-j87vw,2892f094-2582-4fff-846e-d9192b1ea39e,2,1365.532373
2026/01/26/20:36:32,apply-time,rs-000184-k2dpx,031deea3-a203-4668-a77d-81c50a16d004,2,1364.532373
2026/01/26/20:36:32,running-time,rs-000184-k2dpx,031deea3-a203-4668-a77d-81c50a16d004,2,1365.532373
2026/01/26/20:36:32,apply-time,rs-000185-bl7qq,997e5a6a-7961-490d-856c-41580deb2847,4,1364.532373
2026/01/26/20:36:32,running-time,rs-000185-bl7qq,997e5a6a-7961-490d-856c-41580deb2847,4,1365.532373
2026/01/26/20:36:32,apply-time,rs-000185-ht6dv,b11baef5-83c5-4ac6-965f-62fb5641f5e1,4,1365.532373
2026/01/26/20:36:32,running-time,rs-000185-ht6dv,b11baef5-83c5-4ac6-965f-62fb5641f5e1,4,1365.532373
2026/01/26/20:36:32,apply-time,rs-000185-l4d24,25c52e32-07c0-4eff-a57f-1406f2914ed3,4,1365.532373
2026/01/26/20:36:32,running-time,rs-000185-l4d24,25c52e32-07c0-4eff-a57f-1406f2914ed3,4,1365.532373
2026/01/26/20:39:31,apply-time,rs-000186-4plkh,aa3ad5e9-0c2d-4d7e-9999-791217770655,1,1544.532373
2026/01/26/20:39:31,running-time,rs-000186-4plkh,aa3ad5e9-0c2d-4d7e-9999-791217770655,1,1544.532373
2026/01/26/20:39:32,apply-time,rs-000187-4pvzp,0f3dcc4d-f404-48d0-a152-7df87719b807,3,1545.532373
2026/01/26/20:39:32,running-time,rs-000187-4pvzp,0f3dcc4d-f404-48d0-a152-7df87719b807,3,1545.532373
2026/01/26/20:39:32,apply-time,rs-000187-d5kp6,be770bdc-e50b-4b7b-b670-2940fd00f567,3,1545.532373
2026/01/26/20:39:32,running-time,rs-000187-d5kp6,be770bdc-e50b-4b7b-b670-2940fd00f567,3,1545.532373
2026/01/26/20:39:32,apply-time,rs-000187-xk9gn,50909d05-0c0f-4b3f-b24f-e3c0fdba7d19,3,1545.532373
2026/01/26/20:39:32,running-time,rs-000187-xk9gn,50909d05-0c0f-4b3f-b24f-e3c0fdba7d19,3,1545.532373
2026/01/26/20:39:32,apply-time,rs-000188-cvdtg,0175ff1f-a0d9-4852-99a8-3ad7b301b648,2,1545.532373
2026/01/26/20:39:32,running-time,rs-000188-cvdtg,0175ff1f-a0d9-4852-99a8-3ad7b301b648,2,1545.532373
2026/01/26/20:39:32,apply-time,rs-000188-jklzv,48b683b7-b0d2-4885-9633-3c29960a840f,2,1545.532373
2026/01/26/20:39:32,running-time,rs-000188-jklzv,48b683b7-b0d2-4885-9633-3c29960a840f,2,1545.532373
2026/01/26/20:39:43,apply-time,rs-000189-h7q48,0a4af647-b010-4d42-b898-2c14fad549ef,4,1556.532373
2026/01/26/20:39:43,running-time,rs-000189-h7q48,0a4af647-b010-4d42-b898-2c14fad549ef,4,1556.532373
2026/01/26/20:39:43,apply-time,rs-000189-rpp8r,95220fa6-dc46-4c31-9b59-6dd0903da6de,4,1556.532373
2026/01/26/20:39:43,running-time,rs-000189-rpp8r,95220fa6-dc46-4c31-9b59-6dd0903da6de,4,1556.532373
2026/01/26/20:39:43,apply-time,rs-000189-xnkrn,16fd37a2-a7a2-4932-af35-fcc9faf52d25,4,1556.532373
2026/01/26/20:39:43,running-time,rs-000189-xnkrn,16fd37a2-a7a2-4932-af35-fcc9faf52d25,4,1556.532373
2026/01/26/20:39:43,apply-time,rs-000190-7hfmj,dfa7771b-daaa-4298-b425-5da28b949481,1,1556.532373
2026/01/26/20:39:43,running-time,rs-000190-7hfmj,dfa7771b-daaa-4298-b425-5da28b949481,1,1556.532373
2026/01/26/20:39:43,apply-time,rs-000190-9k5tj,b79fbdf6-1c99-4b81-a475-b0d399116dc1,1,1556.532373
2026/01/26/20:39:43,running-time,rs-000190-9k5tj,b79fbdf6-1c99-4b81-a475-b0d399116dc1,1,1556.532373
2026/01/26/20:40:02,apply-time,rs-000191-56r2v,98187eb7-6c43-4275-8a59-c3065f806fb9,2,1575.532373
2026/01/26/20:40:02,running-time,rs-000191-56r2v,98187eb7-6c43-4275-8a59-c3065f806fb9,2,1575.532373
2026/01/26/20:40:02,apply-time,rs-000191-b72jl,0dbb4a4e-5598-4eed-a0b9-348cd121f481,2,1575.532373
2026/01/26/20:40:02,running-time,rs-000191-b72jl,0dbb4a4e-5598-4eed-a0b9-348cd121f481,2,1575.532373
2026/01/26/20:40:03,apply-time,rs-000192-thhnj,60bbdf18-051d-4931-b139-549d15bb420a,3,1576.532373
2026/01/26/20:40:03,running-time,rs-000192-thhnj,60bbdf18-051d-4931-b139-549d15bb420a,3,1576.532373
2026/01/26/20:40:03,apply-time,rs-000193-nd679,b1e0a859-ecd6-4a9b-bc69-d8f150f86898,4,1576.532373
2026/01/26/20:40:03,running-time,rs-000193-nd679,b1e0a859-ecd6-4a9b-bc69-d8f150f86898,4,1576.532373
2026/01/26/20:40:03,apply-time,rs-000194-fb6t5,297ea8a0-ae08-4787-bf5c-3e6f1e2ddeec,3,1576.532373
2026/01/26/20:40:03,running-time,rs-000194-fb6t5,297ea8a0-ae08-4787-bf5c-3e6f1e2ddeec,3,1576.532373
2026/01/26/20:40:03,apply-time,rs-000194-vn5qn,ad025d6d-91b3-468b-a1ec-fde26b52be8f,3,1576.532373
2026/01/26/20:40:03,running-time,rs-000194-vn5qn,ad025d6d-91b3-468b-a1ec-fde26b52be8f,3,1576.532373
2026/01/26/20:40:03,apply-time,rs-000195-2hb22,b146fb20-ec94-4896-b447-defcb0debb5c,1,1576.532373
2026/01/26/20:40:03,running-time,rs-000195-2hb22,b146fb20-ec94-4896-b447-defcb0debb5c,1,1576.532373
2026/01/26/20:40:03,apply-time,rs-000196-566rt,d7bd2d79-4e19-4065-8a29-84795a9f7813,1,1576.532373
2026/01/26/20:40:03,running-time,rs-000196-566rt,d7bd2d79-4e19-4065-8a29-84795a9f7813,1,1576.532373
2026/01/26/20:40:03,apply-time,rs-000197-66gmw,99e75ef2-6bb4-4968-845c-98d409f85e48,4,1576.532373
2026/01/26/20:40:03,apply-time,rs-000197-f7hl6,a086b983-cdbd-4c18-a514-f93944d89dbf,4,1576.532373
2026/01/26/20:40:03,apply-time,rs-000198-hcrng,a0e48557-3414-4c6c-b4d1-33c6a800c316,1,1576.532373
2026/01/26/20:40:03,running-time,rs-000198-hcrng,a0e48557-3414-4c6c-b4d1-33c6a800c316,1,1576.532373
2026/01/26/20:40:03,apply-time,rs-000198-mnxw6,7aedab86-4be4-4a7a-b71d-0e041d862aaf,1,1576.532373
2026/01/26/20:40:03,apply-time,rs-000198-vd6rr,7e2f650a-2260-48d7-a688-2a44c9550773,1,1576.532373
2026/01/26/20:40:04,running-time,rs-000197-66gmw,99e75ef2-6bb4-4968-845c-98d409f85e48,4,1576.532373
2026/01/26/20:40:04,running-time,rs-000197-f7hl6,a086b983-cdbd-4c18-a514-f93944d89dbf,4,1576.532373
2026/01/26/20:40:04,running-time,rs-000198-mnxw6,7aedab86-4be4-4a7a-b71d-0e041d862aaf,1,1576.532373
2026/01/26/20:40:04,running-time,rs-000198-vd6rr,7e2f650a-2260-48d7-a688-2a44c9550773,1,1576.532373
2026/01/26/20:40:04,apply-time,rs-000199-pbbdp,f0272ef4-4b38-4f63-85c7-6a9fa242bb11,2,1577.532373
2026/01/26/20:40:04,running-time,rs-000199-pbbdp,f0272ef4-4b38-4f63-85c7-6a9fa242bb11,2,1577.532373
2026/01/26/20:40:04,apply-time,rs-000200-fgqrk,65787e4f-f42b-4f37-bb8b-502f32b37476,1,1577.532373
2026/01/26/20:40:04,running-time,rs-000200-fgqrk,65787e4f-f42b-4f37-bb8b-502f32b37476,1,1577.532373
2026/01/26/20:40:04,apply-time,rs-000200-m5pz7,00d2fcc6-d8ff-4302-94ca-c00e0b010871,1,1577.532373
2026/01/26/20:40:04,running-time,rs-000200-m5pz7,00d2fcc6-d8ff-4302-94ca-c00e0b010871,1,1577.532373
2026/01/26/20:40:04,apply-time,rs-000200-nj9ks,61df48c5-354d-4253-8319-092fabcab6ed,1,1577.532373
2026/01/26/20:40:04,running-time,rs-000200-nj9ks,61df48c5-354d-4253-8319-092fabcab6ed,1,1577.532373
2026/01/26/20:40:31,apply-time,rs-000201-jq96z,8d2a03f2-d925-4be0-9229-6e89e6afb88e,3,1604.532373
2026/01/26/20:40:31,running-time,rs-000201-jq96z,8d2a03f2-d925-4be0-9229-6e89e6afb88e,3,1604.532373
2026/01/26/20:40:31,apply-time,rs-000201-mttft,a30b5d31-073d-4ad3-a7ce-8150db9092b4,3,1604.532373
2026/01/26/20:40:31,running-time,rs-000201-mttft,a30b5d31-073d-4ad3-a7ce-8150db9092b4,3,1604.532373
2026/01/26/20:40:31,apply-time,rs-000201-w5stv,db3d5fba-97c7-44b4-97c8-682fd768dbc7,3,1604.532373
2026/01/26/20:40:31,running-time,rs-000201-w5stv,db3d5fba-97c7-44b4-97c8-682fd768dbc7,3,1604.532373
2026/01/26/20:40:31,apply-time,rs-000202-jbbxr,daf54dda-94ae-4cbc-b5c9-de6f50d194ed,3,1604.532373
2026/01/26/20:40:31,running-time,rs-000202-jbbxr,daf54dda-94ae-4cbc-b5c9-de6f50d194ed,3,1604.532373
2026/01/26/20:40:31,apply-time,rs-000202-ms6ft,7e6b2c01-08d4-4aaa-8d4c-ab549a4dc653,3,1604.532373
2026/01/26/20:40:31,running-time,rs-000202-ms6ft,7e6b2c01-08d4-4aaa-8d4c-ab549a4dc653,3,1604.532373
2026/01/26/20:40:31,apply-time,rs-000202-z2fqs,bcd6e5df-8bcf-49f4-9287-d92539a2761f,3,1604.532373
2026/01/26/20:40:31,running-time,rs-000202-z2fqs,bcd6e5df-8bcf-49f4-9287-d92539a2761f,3,1604.532373
2026/01/26/20:40:31,apply-time,rs-000203-5l77j,20f467e4-ec4d-4e40-92b1-78b558c13a3c,3,1604.532373
2026/01/26/20:40:31,running-time,rs-000203-5l77j,20f467e4-ec4d-4e40-92b1-78b558c13a3c,3,1604.532373
2026/01/26/20:41:45,apply-time,rs-000198-7sg9v,9036ba1c-4dc6-4818-a904-02a85d5ad161,1,1678.532373
2026/01/26/20:41:45,running-time,rs-000198-7sg9v,9036ba1c-4dc6-4818-a904-02a85d5ad161,1,1678.532373
2026/01/26/20:41:45,apply-time,rs-000204-4vb2m,f3750c38-ef7f-4848-b35e-8ec76001bfcd,3,1678.532373
2026/01/26/20:41:45,running-time,rs-000204-4vb2m,f3750c38-ef7f-4848-b35e-8ec76001bfcd,3,1678.532373
2026/01/26/20:41:45,apply-time,rs-000204-g77l9,7c7e7123-f37c-4819-af1d-60664be86bf1,3,1678.532373
2026/01/26/20:41:45,running-time,rs-000204-g77l9,7c7e7123-f37c-4819-af1d-60664be86bf1,3,1678.532373
2026/01/26/20:41:45,apply-time,rs-000204-xhk8z,4818a4f7-d36a-47e8-b612-684d659f9ba8,3,1678.532373
2026/01/26/20:41:45,running-time,rs-000204-xhk8z,4818a4f7-d36a-47e8-b612-684d659f9ba8,3,1678.532373
2026/01/26/20:42:00,apply-time,rs-000205-4gl24,e638b75a-c811-49dc-8768-13f088ef56a0,3,1692.532373
2026/01/26/20:42:00,running-time,rs-000205-4gl24,e638b75a-c811-49dc-8768-13f088ef56a0,3,1692.532373
2026/01/26/20:42:00,apply-time,rs-000205-g9dlx,f378ba96-8f21-4398-a417-ae8c8ca778bb,3,1692.532373
2026/01/26/20:42:00,running-time,rs-000205-g9dlx,f378ba96-8f21-4398-a417-ae8c8ca778bb,3,1692.532373
2026/01/26/20:42:54,apply-time,rs-000206-lxtrd,d4bf1df0-dac9-4711-a865-5d4b23808ab6,2,1747.532373
2026/01/26/20:42:54,running-time,rs-000206-lxtrd,d4bf1df0-dac9-4711-a865-5d4b23808ab6,2,1747.532373
2026/01/26/20:42:54,apply-time,rs-000206-slchb,1983186c-68cd-4c06-bef3-84511ba5cc8e,2,1747.532373
2026/01/26/20:42:54,running-time,rs-000206-slchb,1983186c-68cd-4c06-bef3-84511ba5cc8e,2,1747.532373
2026/01/26/20:42:54,apply-time,rs-000207-h9j82,eb84e7b8-6816-43ac-9869-8371c4b63d99,3,1747.532373
2026/01/26/20:42:54,running-time,rs-000207-h9j82,eb84e7b8-6816-43ac-9869-8371c4b63d99,3,1747.532373
2026/01/26/20:44:14,apply-time,rs-000208-9k4r6,9230988f-4119-4c21-abaa-ad223afcbe4b,3,1827.532373
2026/01/26/20:44:14,running-time,rs-000208-9k4r6,9230988f-4119-4c21-abaa-ad223afcbe4b,3,1827.532373
2026/01/26/20:44:14,apply-time,rs-000208-hsbqz,77902563-6b5c-4974-bdcf-3e360ab3c5f5,3,1827.532373
2026/01/26/20:44:14,running-time,rs-000208-hsbqz,77902563-6b5c-4974-bdcf-3e360ab3c5f5,3,1827.532373
2026/01/26/20:46:40,apply-time,rs-000209-9plkc,906667b7-5804-465e-a47f-45e32108224c,2,1973.532373
2026/01/26/20:46:40,running-time,rs-000209-9plkc,906667b7-5804-465e-a47f-45e32108224c,2,1973.532373
2026/01/26/20:46:40,apply-time,rs-000209-fkbvt,7f56136d-61a0-403c-96f3-d4a8f836d718,2,1973.532373
2026/01/26/20:46:40,running-time,rs-000209-fkbvt,7f56136d-61a0-403c-96f3-d4a8f836d718,2,1973.532373
2026/01/26/20:50:42,apply-time,rs-000210-6mtpx,c27fb22b-3ee2-4ed0-ade4-345babb0b369,3,2215.532373
2026/01/26/20:50:42,running-time,rs-000210-6mtpx,c27fb22b-3ee2-4ed0-ade4-345babb0b369,3,2215.532373
2026/01/26/20:50:42,apply-time,rs-000210-dwmpt,d799c959-2a25-41ce-912d-b3796dca6a71,3,2215.532373
2026/01/26/20:50:42,running-time,rs-000210-dwmpt,d799c959-2a25-41ce-912d-b3796dca6a71,3,2215.532373
2026/01/26/20:50:42,apply-time,rs-000210-pcn6n,60e0a7c6-371c-416d-b096-682b57dd1ad8,3,2215.532373
2026/01/26/20:50:42,running-time,rs-000210-pcn6n,60e0a7c6-371c-416d-b096-682b57dd1ad8,3,2215.532373
2026/01/26/20:50:42,apply-time,rs-000211-pgldw,40763743-25f7-4e7d-9d9a-bcb77c776955,2,2215.532373
2026/01/26/20:50:42,running-time,rs-000211-pgldw,40763743-25f7-4e7d-9d9a-bcb77c776955,2,2215.532373
2026/01/26/20:50:42,apply-time,rs-000212-2gbg8,1b3a14eb-4e69-4002-8fcd-cbcd2ce6fb93,1,2215.532373
2026/01/26/20:50:42,running-time,rs-000212-2gbg8,1b3a14eb-4e69-4002-8fcd-cbcd2ce6fb93,1,2215.532373
2026/01/26/20:50:42,apply-time,rs-000212-m79m5,bb039c3c-a036-4ece-b951-f01edcba2760,1,2215.532373
2026/01/26/20:50:42,running-time,rs-000212-m79m5,bb039c3c-a036-4ece-b951-f01edcba2760,1,2215.532373
2026/01/26/20:50:43,apply-time,rs-000213-7g45m,44959631-8a1d-427b-a439-73e1eccbbfc0,4,2216.532373
2026/01/26/20:50:43,running-time,rs-000213-7g45m,44959631-8a1d-427b-a439-73e1eccbbfc0,4,2216.532373
2026/01/26/20:50:43,apply-time,rs-000213-wb58t,12cde3b0-4798-4e6a-b7e2-c3c02a8a5b29,4,2216.532373
2026/01/26/20:50:43,running-time,rs-000213-wb58t,12cde3b0-4798-4e6a-b7e2-c3c02a8a5b29,4,2216.532373
2026/01/26/20:50:43,apply-time,rs-000214-qvhpp,b37b27ec-b9d4-42f6-9caa-f77928a32c9f,2,2216.532373
2026/01/26/20:50:43,running-time,rs-000214-qvhpp,b37b27ec-b9d4-42f6-9caa-f77928a32c9f,2,2216.532373
2026/01/26/20:51:01,apply-time,rs-000215-s9jlt,36c367d2-834a-4864-ba9d-1c97aa767a93,1,2234.532373
2026/01/26/20:51:01,running-time,rs-000215-s9jlt,36c367d2-834a-4864-ba9d-1c97aa767a93,1,2234.532373
2026/01/26/20:51:01,apply-time,rs-000216-8sq22,a4279dcd-5990-412f-85fe-700a07fb8651,4,2234.532373
2026/01/26/20:51:01,running-time,rs-000216-8sq22,a4279dcd-5990-412f-85fe-700a07fb8651,4,2234.532373
2026/01/26/20:51:01,apply-time,rs-000217-5g77d,00c65bea-7c5b-4243-aca7-10bac0b89335,1,2234.532373
2026/01/26/20:51:01,running-time,rs-000217-5g77d,00c65bea-7c5b-4243-aca7-10bac0b89335,1,2234.532373
2026/01/26/20:51:01,apply-time,rs-000217-cbkb2,4d535935-6701-4f69-b953-62f861388994,1,2234.532373
2026/01/26/20:51:01,running-time,rs-000217-cbkb2,4d535935-6701-4f69-b953-62f861388994,1,2234.532373
2026/01/26/20:51:01,apply-time,rs-000217-fvzwd,2b5677d5-4724-4931-83f1-f5b26c2e1b09,1,2234.532373
2026/01/26/20:51:01,running-time,rs-000217-fvzwd,2b5677d5-4724-4931-83f1-f5b26c2e1b09,1,2234.532373
2026/01/26/20:51:08,apply-time,rs-000218-dpk4n,b07cb841-abf5-4672-9207-fca9ee559ea7,4,2241.532373
2026/01/26/20:51:08,running-time,rs-000218-dpk4n,b07cb841-abf5-4672-9207-fca9ee559ea7,4,2241.532373
2026/01/26/20:51:08,apply-time,rs-000218-nzb42,52582189-2589-4100-8217-259524841d7b,4,2241.532373
2026/01/26/20:51:08,running-time,rs-000218-nzb42,52582189-2589-4100-8217-259524841d7b,4,2241.532373
2026/01/26/20:51:08,apply-time,rs-000218-vg6t8,d56c9d32-f381-48f4-860d-5005398aeb7e,4,2241.532373
2026/01/26/20:51:08,running-time,rs-000218-vg6t8,d56c9d32-f381-48f4-860d-5005398aeb7e,4,2241.532373
2026/01/26/20:52:36,apply-time,rs-000219-b2p54,dcca46d3-5d0f-4823-b8de-d59b5f62b6bc,1,2329.532373
2026/01/26/20:52:36,running-time,rs-000219-b2p54,dcca46d3-5d0f-4823-b8de-d59b5f62b6bc,1,2329.532373
2026/01/26/20:52:36,apply-time,rs-000219-gct4f,f95792c1-66fc-4e7a-9c9b-a9be27566f00,1,2329.532373
2026/01/26/20:52:36,running-time,rs-000219-gct4f,f95792c1-66fc-4e7a-9c9b-a9be27566f00,1,2329.532373
2026/01/26/20:52:36,apply-time,rs-000219-xns7f,95e5eadd-b33d-4f2d-8499-eeb3d6accbe3,1,2329.532373
2026/01/26/20:52:36,running-time,rs-000219-xns7f,95e5eadd-b33d-4f2d-8499-eeb3d6accbe3,1,2329.532373
2026/01/26/20:52:36,apply-time,rs-000220-f2t99,7350216f-7092-40fa-9953-86a93e98b192,3,2329.532373
2026/01/26/20:52:36,running-time,rs-000220-f2t99,7350216f-7092-40fa-9953-86a93e98b192,3,2329.532373
2026/01/26/20:52:36,apply-time,rs-000220-f6qwr,2c89d063-1042-42d4-9bd5-c7c1299af030,3,2329.532373
2026/01/26/20:52:36,running-time,rs-000220-f6qwr,2c89d063-1042-42d4-9bd5-c7c1299af030,3,2329.532373
2026/01/26/20:52:36,apply-time,rs-000220-fxkb4,96f2b0d8-bcd9-4a3e-aad8-11768fc26f22,3,2329.532373
2026/01/26/20:52:36,running-time,rs-000220-fxkb4,96f2b0d8-bcd9-4a3e-aad8-11768fc26f22,3,2329.532373
2026/01/26/20:53:24,apply-time,rs-000221-v8zlv,e4d8cbe3-0be9-47c8-a8eb-e5ccc912440d,1,2376.532373
2026/01/26/20:53:24,running-time,rs-000221-v8zlv,e4d8cbe3-0be9-47c8-a8eb-e5ccc912440d,1,2376.532373
2026/01/26/20:53:32,apply-time,rs-000222-m9pwx,7e5d7d8c-a5e6-44d6-b625-82647dfcc0a4,1,2384.532373
2026/01/26/20:53:32,running-time,rs-000222-m9pwx,7e5d7d8c-a5e6-44d6-b625-82647dfcc0a4,1,2384.532373
2026/01/26/20:53:32,apply-time,rs-000223-8q4tj,fd28eb6f-9e3f-4072-a8ce-be075a3c8332,4,2384.532373
2026/01/26/20:53:32,running-time,rs-000223-8q4tj,fd28eb6f-9e3f-4072-a8ce-be075a3c8332,4,2385.532373
2026/01/26/20:53:32,apply-time,rs-000224-2qcgg,5c0bdabf-8de8-4f4d-9c86-98d4a5c7b3d6,1,2385.532373
2026/01/26/20:53:32,running-time,rs-000224-2qcgg,5c0bdabf-8de8-4f4d-9c86-98d4a5c7b3d6,1,2385.532373
2026/01/26/20:53:32,apply-time,rs-000224-gkb7p,4a1120c9-8468-4559-a903-ee0203c60dd1,1,2385.532373
2026/01/26/20:53:32,running-time,rs-000224-gkb7p,4a1120c9-8468-4559-a903-ee0203c60dd1,1,2385.532373
2026/01/26/20:53:32,apply-time,rs-000224-vbvgr,802b154b-1a09-47f2-8a50-09c887f9e22e,1,2385.532373
2026/01/26/20:53:32,running-time,rs-000224-vbvgr,802b154b-1a09-47f2-8a50-09c887f9e22e,1,2385.532373
2026/01/26/20:54:34,apply-time,rs-000225-9xgs7,e2f005c9-3dd4-45a5-ad6a-24a61a4657bd,1,2447.532373
2026/01/26/20:54:34,running-time,rs-000225-9xgs7,e2f005c9-3dd4-45a5-ad6a-24a61a4657bd,1,2447.532373
2026/01/26/20:54:34,apply-time,rs-000225-nbnw6,d864818a-ae51-4d77-828e-477e1043e1cd,1,2447.532373
2026/01/26/20:54:34,running-time,rs-000225-nbnw6,d864818a-ae51-4d77-828e-477e1043e1cd,1,2447.532373
2026/01/26/20:54:34,apply-time,rs-000225-z79dt,aceaeaec-cfcc-4269-ae82-8b06db628d00,1,2447.532373
2026/01/26/20:54:34,running-time,rs-000225-z79dt,aceaeaec-cfcc-4269-ae82-8b06db628d00,1,2447.532373
2026/01/26/20:54:39,apply-time,rs-000226-fx475,ba413f01-7a1c-44d3-971b-372b8597273f,2,2452.532373
2026/01/26/20:54:39,running-time,rs-000226-fx475,ba413f01-7a1c-44d3-971b-372b8597273f,2,2452.532373
2026/01/26/20:54:39,apply-time,rs-000226-xr2k5,2424f925-8c3c-4fd2-80c7-31c48d45cdc6,2,2452.532373
2026/01/26/20:54:39,running-time,rs-000226-xr2k5,2424f925-8c3c-4fd2-80c7-31c48d45cdc6,2,2452.532373
2026/01/26/20:57:31,apply-time,rs-000227-bl4cx,55ce25e6-fb24-405c-a157-098c43970295,2,2624.532373
2026/01/26/20:57:31,running-time,rs-000227-bl4cx,55ce25e6-fb24-405c-a157-098c43970295,2,2624.532373
2026/01/26/20:57:31,apply-time,rs-000227-swfrw,6ca5fc11-1ba0-4e18-80ad-9127a67b4de5,2,2624.532373
2026/01/26/20:57:31,running-time,rs-000227-swfrw,6ca5fc11-1ba0-4e18-80ad-9127a67b4de5,2,2624.532373
2026/01/26/20:57:31,apply-time,rs-000228-rpf6h,ce9cf5eb-74d7-4109-a02e-1474fb674273,1,2624.532373
2026/01/26/20:57:31,running-time,rs-000228-rpf6h,ce9cf5eb-74d7-4109-a02e-1474fb674273,1,2624.532373
2026/01/26/20:57:31,apply-time,rs-000229-gnqpc,9ef4ef63-f72f-43e3-b015-7028b8d8b09e,1,2624.532373
2026/01/26/20:57:31,running-time,rs-000229-gnqpc,9ef4ef63-f72f-43e3-b015-7028b8d8b09e,1,2624.532373
2026/01/26/20:57:31,apply-time,rs-000229-n2t8w,804c8c8a-d666-40f2-ab44-75b8b7ad1cde,1,2624.532373
2026/01/26/20:57:31,running-time,rs-000229-n2t8w,804c8c8a-d666-40f2-ab44-75b8b7ad1cde,1,2624.532373
2026/01/26/20:57:31,apply-time,rs-000229-npgf5,a07cdff8-043f-4fb0-8725-c651a781ef69,1,2624.532373
2026/01/26/20:57:31,running-time,rs-000229-npgf5,a07cdff8-043f-4fb0-8725-c651a781ef69,1,2624.532373
2026/01/26/21:00:43,apply-time,rs-000230-v55jt,ee9483d0-0214-4465-8e9c-f21ffdabe5e6,3,2815.532373
2026/01/26/21:00:43,running-time,rs-000230-v55jt,ee9483d0-0214-4465-8e9c-f21ffdabe5e6,3,2815.532373
2026/01/26/21:01:08,apply-time,rs-000231-j5wbv,d09f0e96-d28f-435c-86a5-f94083c57a3d,1,2841.532373
2026/01/26/21:01:08,running-time,rs-000231-j5wbv,d09f0e96-d28f-435c-86a5-f94083c57a3d,1,2841.532373
2026/01/26/21:01:08,apply-time,rs-000231-l2hwk,77f27af0-44f1-4f67-9b63-284e0e5526ea,1,2841.532373
2026/01/26/21:01:08,running-time,rs-000231-l2hwk,77f27af0-44f1-4f67-9b63-284e0e5526ea,1,2841.532373
2026/01/26/21:01:08,apply-time,rs-000232-5llwl,1203fbfa-50f3-499f-a17b-f3c3634a6a13,3,2841.532373
2026/01/26/21:01:08,running-time,rs-000232-5llwl,1203fbfa-50f3-499f-a17b-f3c3634a6a13,3,2841.532373
2026/01/26/21:01:08,apply-time,rs-000232-wb5n9,79759f34-7ae3-4087-a0b9-6038e264646c,3,2841.532373
2026/01/26/21:01:08,running-time,rs-000232-wb5n9,79759f34-7ae3-4087-a0b9-6038e264646c,3,2841.532373
2026/01/26/21:01:09,apply-time,rs-000233-gc5xn,baf0aa60-0267-4bf4-815d-17de5027bf78,3,2842.532373
2026/01/26/21:01:09,running-time,rs-000233-gc5xn,baf0aa60-0267-4bf4-815d-17de5027bf78,3,2842.532373
2026/01/26/21:01:09,apply-time,rs-000233-ggf9k,53930071-e21a-494c-a090-24377ac32528,3,2841.532373
2026/01/26/21:01:09,running-time,rs-000233-ggf9k,53930071-e21a-494c-a090-24377ac32528,3,2842.532373
2026/01/26/21:01:09,apply-time,rs-000233-v628x,036ac640-861a-436a-be9f-ed34fd72528a,3,2842.532373
2026/01/26/21:01:09,running-time,rs-000233-v628x,036ac640-861a-436a-be9f-ed34fd72528a,3,2842.532373
2026/01/26/21:01:09,apply-time,rs-000234-5549h,8ee077d9-7a0a-4d7b-bee6-c68182d53bde,4,2841.532373
2026/01/26/21:01:09,running-time,rs-000234-5549h,8ee077d9-7a0a-4d7b-bee6-c68182d53bde,4,2842.532373
2026/01/26/21:01:09,apply-time,rs-000234-m9q66,b70dae6d-c059-4203-a175-5d58a66f0bff,4,2841.532373
2026/01/26/21:01:09,running-time,rs-000234-m9q66,b70dae6d-c059-4203-a175-5d58a66f0bff,4,2841.532373
2026/01/26/21:01:09,apply-time,rs-000234-z75vq,192b9992-6139-47c1-be67-d6d3b80ba6f2,4,2841.532373
2026/01/26/21:01:09,running-time,rs-000234-z75vq,192b9992-6139-47c1-be67-d6d3b80ba6f2,4,2842.532373
2026/01/26/21:01:09,apply-time,rs-000235-74lwq,3454ac64-e011-4b11-a5a4-c89f3f8698de,4,2842.532373
2026/01/26/21:01:09,running-time,rs-000235-74lwq,3454ac64-e011-4b11-a5a4-c89f3f8698de,4,2842.532373
2026/01/26/21:01:09,apply-time,rs-000235-85frp,3e610cc9-5737-4a78-bfc3-c05eb910dfcf,4,2842.532373
2026/01/26/21:01:09,running-time,rs-000235-85frp,3e610cc9-5737-4a78-bfc3-c05eb910dfcf,4,2842.532373
2026/01/26/21:01:09,apply-time,rs-000235-wrkzb,824c9958-3a8a-42ca-bf0e-eceafef023bb,4,2842.532373
2026/01/26/21:01:09,running-time,rs-000235-wrkzb,824c9958-3a8a-42ca-bf0e-eceafef023bb,4,2842.532373
2026/01/26/21:01:09,apply-time,rs-000236-5d6ng,ff31b9c6-1138-4f37-802d-5b5951b77795,2,2841.532373
2026/01/26/21:01:09,running-time,rs-000236-5d6ng,ff31b9c6-1138-4f37-802d-5b5951b77795,2,2842.532373
2026/01/26/21:01:09,apply-time,rs-000237-45pc2,f2fb01dc-ef3f-4e33-8484-228506441c13,1,2842.532373
2026/01/26/21:01:09,running-time,rs-000237-45pc2,f2fb01dc-ef3f-4e33-8484-228506441c13,1,2842.532373
2026/01/26/21:01:09,apply-time,rs-000237-cqrwz,66a73adf-842f-4b5a-8025-af93b5c28684,1,2842.532373
2026/01/26/21:01:09,running-time,rs-000237-cqrwz,66a73adf-842f-4b5a-8025-af93b5c28684,1,2842.532373
2026/01/26/21:01:09,apply-time,rs-000237-fl262,ecd4caf5-ab49-4d26-b986-371534251306,1,2842.532373
2026/01/26/21:01:09,running-time,rs-000237-fl262,ecd4caf5-ab49-4d26-b986-371534251306,1,2842.532373
2026/01/26/21:01:09,apply-time,rs-000238-2lxl2,2042ede6-0921-43b7-b847-853f43d19279,2,2842.532373
2026/01/26/21:01:09,apply-time,rs-000238-b7k6c,67cfe98b-5946-4c41-8eb5-ee99dfa8238c,2,2842.532373
2026/01/26/21:01:09,running-time,rs-000238-b7k6c,67cfe98b-5946-4c41-8eb5-ee99dfa8238c,2,2842.532373
2026/01/26/21:01:09,apply-time,rs-000239-b4w5m,69d1f5db-84ac-4066-8dd9-14da558ed7d7,3,2842.532373
2026/01/26/21:01:09,running-time,rs-000239-b4w5m,69d1f5db-84ac-4066-8dd9-14da558ed7d7,3,2842.532373
2026/01/26/21:01:10,running-time,rs-000238-2lxl2,2042ede6-0921-43b7-b847-853f43d19279,2,2842.532373
2026/01/26/21:02:29,apply-time,rs-000240-6j9gz,f0559048-4be6-467f-aa29-913c37c1b5c6,1,2922.532373
2026/01/26/21:02:29,running-time,rs-000240-6j9gz,f0559048-4be6-467f-aa29-913c37c1b5c6,1,2922.532373
2026/01/26/21:02:29,apply-time,rs-000240-8vqw6,48d7062b-4607-4e56-ba5d-508b5b95784c,1,2922.532373
2026/01/26/21:02:29,running-time,rs-000240-8vqw6,48d7062b-4607-4e56-ba5d-508b5b95784c,1,2922.532373
2026/01/26/21:02:29,apply-time,rs-000240-fknw2,a0e10483-33dd-4912-a734-89152ccd238c,1,2922.532373
2026/01/26/21:02:29,running-time,rs-000240-fknw2,a0e10483-33dd-4912-a734-89152ccd238c,1,2922.532373
2026/01/26/21:02:29,apply-time,rs-000241-npsfk,e1afd691-cdb2-4fb0-a62b-baf1c4267351,1,2922.532373
2026/01/26/21:02:29,running-time,rs-000241-npsfk,e1afd691-cdb2-4fb0-a62b-baf1c4267351,1,2922.532373
2026/01/26/21:02:29,apply-time,rs-000241-qrw4h,aadabbb3-d4b6-41c7-a092-86397e37b443,1,2922.532373
2026/01/26/21:02:29,running-time,rs-000241-qrw4h,aadabbb3-d4b6-41c7-a092-86397e37b443,1,2922.532373
2026/01/26/21:02:30,apply-time,rs-000242-kfwc2,8536d927-b827-41ae-a9bd-2fd322f3b911,1,2923.532373
2026/01/26/21:02:30,running-time,rs-000242-kfwc2,8536d927-b827-41ae-a9bd-2fd322f3b911,1,2923.532373
2026/01/26/21:02:30,apply-time,rs-000242-n2pxk,8475a720-ed1f-4352-8e79-fe07e451fbee,1,2923.532373
2026/01/26/21:02:30,running-time,rs-000242-n2pxk,8475a720-ed1f-4352-8e79-fe07e451fbee,1,2923.532373
2026/01/26/21:02:31,apply-time,rs-000243-cwckf,481d66da-8f81-4534-b51f-a5e59736f089,1,2924.532373
2026/01/26/21:02:31,running-time,rs-000243-cwckf,481d66da-8f81-4534-b51f-a5e59736f089,1,2924.532373
2026/01/26/21:02:31,apply-time,rs-000243-f9s5k,bb18c7c0-1730-4bb7-874e-ab9067fc9207,1,2924.532373
2026/01/26/21:02:31,running-time,rs-000243-f9s5k,bb18c7c0-1730-4bb7-874e-ab9067fc9207,1,2924.532373
2026/01/26/21:04:33,apply-time,rs-000244-b6pf2,93ad900b-9c7f-47f9-973d-7d90ad397cce,1,3046.532373
2026/01/26/21:04:33,running-time,rs-000244-b6pf2,93ad900b-9c7f-47f9-973d-7d90ad397cce,1,3046.532373
2026/01/26/21:04:33,apply-time,rs-000245-72lnb,5118cc52-65e5-4e64-8a22-f8e7c88296d6,3,3046.532373
2026/01/26/21:04:33,running-time,rs-000245-72lnb,5118cc52-65e5-4e64-8a22-f8e7c88296d6,3,3046.532373
2026/01/26/21:04:33,apply-time,rs-000246-jhz44,9e3b8682-8f29-47ee-895c-bf31fdc5dc87,1,3046.532373
2026/01/26/21:04:33,running-time,rs-000246-jhz44,9e3b8682-8f29-47ee-895c-bf31fdc5dc87,1,3046.532373
2026/01/26/21:04:33,apply-time,rs-000247-9mrbw,b43c33cd-d799-4825-8c15-81c6eee71e37,4,3046.532373
2026/01/26/21:04:33,running-time,rs-000247-9mrbw,b43c33cd-d799-4825-8c15-81c6eee71e37,4,3046.532373
2026/01/26/21:04:33,apply-time,rs-000247-gthf4,1515c7c2-0117-408f-9264-6411401ce4bf,4,3046.532373
2026/01/26/21:04:33,running-time,rs-000247-gthf4,1515c7c2-0117-408f-9264-6411401ce4bf,4,3046.532373
2026/01/26/21:04:33,apply-time,rs-000248-m8n2n,e52607d4-5605-4d4e-882e-e5dbfa4572b9,2,3046.532373
2026/01/26/21:04:33,running-time,rs-000248-m8n2n,e52607d4-5605-4d4e-882e-e5dbfa4572b9,2,3046.532373
2026/01/26/21:04:33,apply-time,rs-000248-rqdvz,c60e780a-b2b0-4788-ada5-ffe3a20580f8,2,3046.532373
2026/01/26/21:04:33,running-time,rs-000248-rqdvz,c60e780a-b2b0-4788-ada5-ffe3a20580f8,2,3046.532373
2026/01/26/21:04:33,apply-time,rs-000249-7j4dz,f0310b9e-e135-4a6e-8edf-6ec2034e5626,1,3046.532373
2026/01/26/21:04:33,running-time,rs-000249-7j4dz,f0310b9e-e135-4a6e-8edf-6ec2034e5626,1,3046.532373
2026/01/26/21:04:33,apply-time,rs-000251-tjp2n,a09982f9-7d95-48a5-a128-65a556b1c339,3,3046.532373
2026/01/26/21:04:33,running-time,rs-000251-tjp2n,a09982f9-7d95-48a5-a128-65a556b1c339,3,3046.532373
2026/01/26/21:04:34,apply-time,rs-000250-vkdhq,e7e59424-40df-4788-9987-b4e45118bfd2,1,3047.532373
2026/01/26/21:04:34,apply-time,rs-000250-vxz4v,c8c3dffe-c590-404b-9b2d-fafb33d723bd,1,3047.532373
2026/01/26/21:04:34,apply-time,rs-000251-q7qwt,d5c42bf3-0064-46d2-9e34-8eb3965a6291,3,3047.532373
2026/01/26/21:04:34,running-time,rs-000251-q7qwt,d5c42bf3-0064-46d2-9e34-8eb3965a6291,3,3047.532373
2026/01/26/21:04:34,apply-time,rs-000251-q9xw6,a111b927-3d5b-4fe8-8966-2181997b8b85,3,3047.532373
2026/01/26/21:04:34,running-time,rs-000251-q9xw6,a111b927-3d5b-4fe8-8966-2181997b8b85,3,3047.532373
2026/01/26/21:05:04,apply-time,rs-000252-5gt68,9fe66426-215f-4102-ab59-911e7f87ad33,3,3077.532373
2026/01/26/21:05:04,running-time,rs-000252-5gt68,9fe66426-215f-4102-ab59-911e7f87ad33,3,3077.532373
2026/01/26/21:05:04,apply-time,rs-000252-kfxjt,9ebcb3f9-ca07-4a20-8885-6acc10a2f8c6,3,3077.532373
2026/01/26/21:05:04,running-time,rs-000252-kfxjt,9ebcb3f9-ca07-4a20-8885-6acc10a2f8c6,3,3077.532373
2026/01/26/21:05:11,apply-time,rs-000253-bsnnm,a5ffd939-5545-4e90-bca3-4582988aae30,2,3084.532373
2026/01/26/21:05:11,running-time,rs-000253-bsnnm,a5ffd939-5545-4e90-bca3-4582988aae30,2,3084.532373
2026/01/26/21:05:11,apply-time,rs-000253-k4cdw,45872cb0-0f76-48e1-9c20-7f32a04db392,2,3084.532373
2026/01/26/21:05:11,running-time,rs-000253-k4cdw,45872cb0-0f76-48e1-9c20-7f32a04db392,2,3084.532373
2026/01/26/21:05:11,apply-time,rs-000254-57qkw,bbdf1eaf-bded-4249-8d3b-9e21af520170,4,3084.532373
2026/01/26/21:05:11,running-time,rs-000254-57qkw,bbdf1eaf-bded-4249-8d3b-9e21af520170,4,3084.532373
2026/01/26/21:05:11,apply-time,rs-000254-p4w6f,ca39bb5f-d402-4cec-b305-eacae260608a,4,3084.532373
2026/01/26/21:05:11,running-time,rs-000254-p4w6f,ca39bb5f-d402-4cec-b305-eacae260608a,4,3084.532373
2026/01/26/21:05:18,apply-time,rs-000255-rnrg2,b4b5250c-b491-4c1c-812c-d24129357cae,2,3091.532373
2026/01/26/21:05:18,running-time,rs-000255-rnrg2,b4b5250c-b491-4c1c-812c-d24129357cae,2,3091.532373
2026/01/26/21:05:18,apply-time,rs-000255-x4n4n,78246728-5f69-4c44-9434-5c1c6b0fe543,2,3091.532373
2026/01/26/21:05:18,running-time,rs-000255-x4n4n,78246728-5f69-4c44-9434-5c1c6b0fe543,2,3091.532373
2026/01/26/21:05:18,apply-time,rs-000256-s2922,bf8fb200-8370-46b3-b3b3-54a5650da055,2,3091.532373
2026/01/26/21:05:18,running-time,rs-000256-s2922,bf8fb200-8370-46b3-b3b3-54a5650da055,2,3091.532373
2026/01/26/21:05:19,apply-time,rs-000257-g6jgq,6c82c1ec-da62-4793-877f-d003c516fcad,2,3091.532373
2026/01/26/21:05:19,running-time,rs-000257-g6jgq,6c82c1ec-da62-4793-877f-d003c516fcad,2,3091.532373
2026/01/26/21:05:19,apply-time,rs-000257-x9kpw,e011650e-b9a3-4fad-8b94-7406e5e745c0,2,3091.532373
2026/01/26/21:05:19,running-time,rs-000257-x9kpw,e011650e-b9a3-4fad-8b94-7406e5e745c0,2,3092.532373
2026/01/26/21:05:19,apply-time,rs-000258-jclnl,cf39d23e-44b2-4529-96a4-abd7582813ff,2,3092.532373
2026/01/26/21:05:19,running-time,rs-000258-jclnl,cf39d23e-44b2-4529-96a4-abd7582813ff,2,3092.532373
2026/01/26/21:05:19,apply-time,rs-000258-pmb4r,92bb50d6-591c-442d-9426-b0b8396e1dd9,2,3091.532373
2026/01/26/21:05:19,running-time,rs-000258-pmb4r,92bb50d6-591c-442d-9426-b0b8396e1dd9,2,3092.532373
2026/01/26/21:05:19,apply-time,rs-000258-zjmjp,350d56f8-122f-4981-bd0b-52318cbe6569,2,3092.532373
2026/01/26/21:05:19,running-time,rs-000258-zjmjp,350d56f8-122f-4981-bd0b-52318cbe6569,2,3092.532373
2026/01/26/21:05:21,apply-time,rs-000259-c678m,bcc58b26-3f6f-4d99-8a1f-5bf5943fdbca,4,3094.532373
2026/01/26/21:05:21,running-time,rs-000259-c678m,bcc58b26-3f6f-4d99-8a1f-5bf5943fdbca,4,3094.532373
2026/01/26/21:05:21,apply-time,rs-000259-qxrwg,059aebba-b435-46fe-9407-14f464f3844f,4,3094.532373
2026/01/26/21:05:21,running-time,rs-000259-qxrwg,059aebba-b435-46fe-9407-14f464f3844f,4,3094.532373
2026/01/26/21:05:21,apply-time,rs-000260-855cp,e88bbe8a-f53b-40cf-b13b-9b70946002b6,1,3094.532373
2026/01/26/21:05:21,apply-time,rs-000261-4j6mn,14f4cc40-fc48-46c3-aa67-75d6eeba6842,3,3094.532373
2026/01/26/21:05:21,running-time,rs-000261-4j6mn,14f4cc40-fc48-46c3-aa67-75d6eeba6842,3,3094.532373
2026/01/26/21:05:21,apply-time,rs-000261-4zrqb,a5420323-fcce-4628-a02e-8408f5c1d2b4,3,3094.532373
2026/01/26/21:05:21,running-time,rs-000261-4zrqb,a5420323-fcce-4628-a02e-8408f5c1d2b4,3,3094.532373
2026/01/26/21:05:21,apply-time,rs-000261-tr92x,e51bc18e-20e9-4574-93ca-5f3405852db1,3,3094.532373
2026/01/26/21:05:21,running-time,rs-000261-tr92x,e51bc18e-20e9-4574-93ca-5f3405852db1,3,3094.532373
2026/01/26/21:05:25,apply-time,rs-000262-nc94n,f0643f12-146d-4f52-8432-a6b63b5c1ad4,1,3098.532373
2026/01/26/21:05:26,running-time,rs-000262-nc94n,f0643f12-146d-4f52-8432-a6b63b5c1ad4,1,3098.532373
2026/01/26/21:05:26,apply-time,rs-000263-mpkhz,692e8dac-46ab-42e8-85bb-ba4af766e49a,1,3099.532373
2026/01/26/21:05:26,running-time,rs-000263-mpkhz,692e8dac-46ab-42e8-85bb-ba4af766e49a,1,3099.532373
2026/01/26/21:05:26,apply-time,rs-000263-szp8n,7013c5ab-e5fc-49fb-b940-9f1ae9ffc491,1,3099.532373
2026/01/26/21:05:26,running-time,rs-000263-szp8n,7013c5ab-e5fc-49fb-b940-9f1ae9ffc491,1,3099.532373
2026/01/26/21:05:26,apply-time,rs-000263-tb7wj,38f1c3c5-c934-4c94-a13d-fb722e24e84c,1,3099.532373
2026/01/26/21:05:26,running-time,rs-000263-tb7wj,38f1c3c5-c934-4c94-a13d-fb722e24e84c,1,3099.532373
2026/01/26/21:05:26,apply-time,rs-000264-4rrbl,f075557a-1118-4c59-ad5c-f923e190db0d,2,3099.532373
2026/01/26/21:05:26,running-time,rs-000264-4rrbl,f075557a-1118-4c59-ad5c-f923e190db0d,2,3099.532373
2026/01/26/21:05:26,apply-time,rs-000264-69ldx,d49f3518-323a-4e0c-9ee4-ef52656f88c8,2,3099.532373
2026/01/26/21:05:26,running-time,rs-000264-69ldx,d49f3518-323a-4e0c-9ee4-ef52656f88c8,2,3099.532373
2026/01/26/21:05:26,apply-time,rs-000264-qkw7l,d4d48361-8891-494f-8e78-650beef3247a,2,3099.532373
2026/01/26/21:05:26,running-time,rs-000264-qkw7l,d4d48361-8891-494f-8e78-650beef3247a,2,3099.532373
2026/01/26/21:05:26,apply-time,rs-000265-24rrc,58140527-ab1d-48ca-a737-deb02028230b,2,3099.532373
2026/01/26/21:05:26,running-time,rs-000265-24rrc,58140527-ab1d-48ca-a737-deb02028230b,2,3099.532373
2026/01/26/21:05:26,apply-time,rs-000265-8grdf,82aac03d-ff90-4c10-a3ca-3feefede8115,2,3099.532373
2026/01/26/21:05:26,running-time,rs-000265-8grdf,82aac03d-ff90-4c10-a3ca-3feefede8115,2,3099.532373
2026/01/26/21:05:26,apply-time,rs-000265-rrzrq,c5c032b7-2292-4e40-9b43-e6f7898df223,2,3099.532373
2026/01/26/21:05:26,running-time,rs-000265-rrzrq,c5c032b7-2292-4e40-9b43-e6f7898df223,2,3099.532373
2026/01/26/21:05:26,apply-time,rs-000266-btjwd,938873ac-86b7-4a86-b2fc-e63c7a1d6cf7,2,3099.532373
2026/01/26/21:05:26,running-time,rs-000266-btjwd,938873ac-86b7-4a86-b2fc-e63c7a1d6cf7,2,3099.532373
2026/01/26/21:05:26,apply-time,rs-000267-26qm7,dc715e8a-f336-43e6-8e12-f4757524c551,1,3099.532373
2026/01/26/21:05:26,running-time,rs-000267-26qm7,dc715e8a-f336-43e6-8e12-f4757524c551,1,3099.532373
2026/01/26/21:05:26,apply-time,rs-000268-tdvl2,f7b7215b-1f4f-463d-aa8d-ebba43ce4e72,4,3099.532373
2026/01/26/21:05:26,running-time,rs-000268-tdvl2,f7b7215b-1f4f-463d-aa8d-ebba43ce4e72,4,3099.532373
2026/01/26/21:05:27,apply-time,rs-000267-znrsn,e4e34ff1-f02e-4563-9c2c-60e9007cc1fa,1,3100.532373
2026/01/26/21:05:27,running-time,rs-000267-znrsn,e4e34ff1-f02e-4563-9c2c-60e9007cc1fa,1,3100.532373
2026/01/26/21:05:27,apply-time,rs-000268-2mndm,ef4bf809-f2b3-4b1f-bac5-a7b5b3b9a755,4,3100.532373
2026/01/26/21:05:27,running-time,rs-000268-2mndm,ef4bf809-f2b3-4b1f-bac5-a7b5b3b9a755,4,3100.532373
2026/01/26/21:05:27,apply-time,rs-000268-s6kqn,192a8739-32b1-4525-97f2-5003077ba288,4,3100.532373
2026/01/26/21:05:27,running-time,rs-000268-s6kqn,192a8739-32b1-4525-97f2-5003077ba288,4,3100.532373
2026/01/26/21:06:35,apply-time,rs-000269-2jqv8,837a1adf-5c30-4caf-8ddb-a98f00660e90,3,3168.532373
2026/01/26/21:06:35,running-time,rs-000269-2jqv8,837a1adf-5c30-4caf-8ddb-a98f00660e90,3,3168.532373
2026/01/26/21:06:36,apply-time,rs-000270-k89hc,83293071-98f7-4e81-b396-a6175b9d705c,2,3169.532373
2026/01/26/21:06:36,running-time,rs-000270-k89hc,83293071-98f7-4e81-b396-a6175b9d705c,2,3169.532373
2026/01/26/21:06:36,apply-time,rs-000271-vxwlb,ac4c9c9f-10c4-4bcf-b622-9410f0062a51,4,3169.532373
2026/01/26/21:06:36,running-time,rs-000271-vxwlb,ac4c9c9f-10c4-4bcf-b622-9410f0062a51,4,3169.532373
2026/01/26/21:07:18,apply-time,rs-000272-5nqgr,c058e6df-fc17-481c-9e63-1dc27916d47f,3,3211.532373
2026/01/26/21:07:18,running-time,rs-000272-5nqgr,c058e6df-fc17-481c-9e63-1dc27916d47f,3,3211.532373
2026/01/26/21:07:18,apply-time,rs-000272-8lfb5,76ad700a-c001-4fbe-bc92-f811fb734ba9,3,3211.532373
2026/01/26/21:07:18,running-time,rs-000272-8lfb5,76ad700a-c001-4fbe-bc92-f811fb734ba9,3,3211.532373
2026/01/26/21:07:18,apply-time,rs-000272-sf6mx,cc289658-7596-4f0e-8ef9-272982a5f135,3,3211.532373
2026/01/26/21:07:18,running-time,rs-000272-sf6mx,cc289658-7596-4f0e-8ef9-272982a5f135,3,3211.532373
2026/01/26/21:07:18,apply-time,rs-000273-44d72,f10f9c56-c106-4fa0-b5e6-97f9ed1da4aa,3,3211.532373
2026/01/26/21:07:18,running-time,rs-000273-44d72,f10f9c56-c106-4fa0-b5e6-97f9ed1da4aa,3,3211.532373
2026/01/26/21:07:18,apply-time,rs-000273-bmjt9,2f1132cb-7643-4f7e-87f2-573f1a0088b9,3,3211.532373
2026/01/26/21:07:18,running-time,rs-000273-bmjt9,2f1132cb-7643-4f7e-87f2-573f1a0088b9,3,3211.532373
2026/01/26/21:07:19,apply-time,rs-000274-2fcnp,133fae7f-ab33-4ce5-ad38-57717a9a106f,3,3212.532373
2026/01/26/21:07:19,running-time,rs-000274-2fcnp,133fae7f-ab33-4ce5-ad38-57717a9a106f,3,3212.532373
2026/01/26/21:07:19,apply-time,rs-000274-zd7cl,a1e726e6-d1fb-4c59-b708-0195a7b97a8e,3,3212.532373
2026/01/26/21:07:19,running-time,rs-000274-zd7cl,a1e726e6-d1fb-4c59-b708-0195a7b97a8e,3,3212.532373
2026/01/26/21:07:19,apply-time,rs-000275-p6ms7,a6b6a6d8-25a8-4f97-9b63-9d464cd39172,2,3212.532373
2026/01/26/21:07:19,running-time,rs-000275-p6ms7,a6b6a6d8-25a8-4f97-9b63-9d464cd39172,2,3212.532373
2026/01/26/21:07:19,apply-time,rs-000276-5x4g2,03a76c3c-4919-42e1-98a2-12502ab2efc2,2,3212.532373
2026/01/26/21:07:19,running-time,rs-000276-5x4g2,03a76c3c-4919-42e1-98a2-12502ab2efc2,2,3212.532373
2026/01/26/21:07:19,apply-time,rs-000276-bx5rp,357792f4-8f05-4d9f-9ef7-0a9aa44799f2,2,3212.532373
2026/01/26/21:07:19,running-time,rs-000276-bx5rp,357792f4-8f05-4d9f-9ef7-0a9aa44799f2,2,3212.532373
2026/01/26/21:07:19,apply-time,rs-000276-j54r2,e5ccab89-0965-4a44-8325-a846627d98c7,2,3212.532373
2026/01/26/21:07:19,running-time,rs-000276-j54r2,e5ccab89-0965-4a44-8325-a846627d98c7,2,3212.532373
2026/01/26/21:07:19,apply-time,rs-000277-b4mq5,60a79dfd-4105-4fb1-8118-4489aee1a38c,2,3212.532373
2026/01/26/21:07:19,running-time,rs-000277-b4mq5,60a79dfd-4105-4fb1-8118-4489aee1a38c,2,3212.532373
2026/01/26/21:07:25,apply-time,rs-000278-smxw2,4bd714a3-4c6e-4c4a-9e84-768fbe702d2f,2,3218.532373
2026/01/26/21:07:25,running-time,rs-000278-smxw2,4bd714a3-4c6e-4c4a-9e84-768fbe702d2f,2,3218.532373
2026/01/26/21:07:25,apply-time,rs-000278-tltps,9aac4be2-8735-462b-a1ff-acf3f3e3c257,2,3218.532373
2026/01/26/21:07:25,running-time,rs-000278-tltps,9aac4be2-8735-462b-a1ff-acf3f3e3c257,2,3218.532373
2026/01/26/21:07:25,apply-time,rs-000279-ps7f6,43fa7676-35cd-46cd-931b-f7797260a3b6,3,3218.532373
2026/01/26/21:07:25,running-time,rs-000279-ps7f6,43fa7676-35cd-46cd-931b-f7797260a3b6,3,3218.532373
2026/01/26/21:07:25,apply-time,rs-000279-tl8xc,082ab34a-2331-4234-9f16-36d73f131bab,3,3218.532373
2026/01/26/21:07:25,running-time,rs-000279-tl8xc,082ab34a-2331-4234-9f16-36d73f131bab,3,3218.532373
2026/01/26/21:07:25,apply-time,rs-000280-l9wvl,36e05977-dbf4-4666-bf47-e02369f66bad,4,3218.532373
2026/01/26/21:07:25,running-time,rs-000280-l9wvl,36e05977-dbf4-4666-bf47-e02369f66bad,4,3218.532373
2026/01/26/21:07:25,apply-time,rs-000281-9ltqh,0d727b71-9366-455d-875c-d273d912e3fd,3,3218.532373
2026/01/26/21:07:25,running-time,rs-000281-9ltqh,0d727b71-9366-455d-875c-d273d912e3fd,3,3218.532373
2026/01/26/21:07:25,apply-time,rs-000281-zncnd,5ee5bf48-fb15-4166-b4e0-ed3044339b9d,3,3218.532373
2026/01/26/21:07:25,running-time,rs-000281-zncnd,5ee5bf48-fb15-4166-b4e0-ed3044339b9d,3,3218.532373
2026/01/26/21:07:25,apply-time,rs-000282-lvvxf,bf2d77d9-e7af-4a3e-8d62-beefc31b5d28,2,3218.532373
2026/01/26/21:07:25,running-time,rs-000282-lvvxf,bf2d77d9-e7af-4a3e-8d62-beefc31b5d28,2,3218.532373
2026/01/26/21:07:25,apply-time,rs-000283-5sdsz,f44e8aef-976c-4085-9e39-c288e7d6e472,3,3218.532373
2026/01/26/21:07:25,running-time,rs-000283-5sdsz,f44e8aef-976c-4085-9e39-c288e7d6e472,3,3218.532373
2026/01/26/21:07:27,apply-time,rs-000284-fwjzx,509a0793-48b6-4da9-b069-0dd42bf1e57d,2,3220.532373
2026/01/26/21:07:27,running-time,rs-000284-fwjzx,509a0793-48b6-4da9-b069-0dd42bf1e57d,2,3220.532373
2026/01/26/21:07:27,apply-time,rs-000284-zzc4c,5a2e9b05-6b34-4fb2-89dc-c3c105cf58a2,2,3220.532373
2026/01/26/21:07:27,running-time,rs-000284-zzc4c,5a2e9b05-6b34-4fb2-89dc-c3c105cf58a2,2,3220.532373
2026/01/26/21:07:27,apply-time,rs-000285-6r2d9,eacdaeed-1660-4708-a435-4e8819309799,3,3220.532373
2026/01/26/21:07:27,running-time,rs-000285-6r2d9,eacdaeed-1660-4708-a435-4e8819309799,3,3220.532373
2026/01/26/21:07:27,apply-time,rs-000285-wj7mv,ac9c853a-ccf5-4205-bfd4-f54ea72dc76a,3,3220.532373
2026/01/26/21:07:27,running-time,rs-000285-wj7mv,ac9c853a-ccf5-4205-bfd4-f54ea72dc76a,3,3220.532373
2026/01/26/21:07:27,apply-time,rs-000286-2k8sk,73bc48fe-ba37-430b-9b14-9b946b4778fd,1,3220.532373
2026/01/26/21:07:27,apply-time,rs-000286-7qcfq,d7bfb329-c40a-4ad2-b4c3-b184e4eaf638,1,3220.532373
2026/01/26/21:07:27,apply-time,rs-000286-87pcp,a46528ec-e13a-4e8f-ae84-26ece0cff6d7,1,3220.532373
2026/01/26/21:07:27,apply-time,rs-000287-694xf,74d4e469-4a44-44bf-9915-f18af4dcd5eb,1,3220.532373
2026/01/26/21:07:27,running-time,rs-000287-694xf,74d4e469-4a44-44bf-9915-f18af4dcd5eb,1,3220.532373
2026/01/26/21:07:27,apply-time,rs-000288-9nvdg,beca8f9b-2fda-46ad-8b10-33cb12dc9158,2,3220.532373
2026/01/26/21:07:27,running-time,rs-000288-9nvdg,beca8f9b-2fda-46ad-8b10-33cb12dc9158,2,3220.532373
2026/01/26/21:07:27,apply-time,rs-000288-dsdsh,df92d0c8-3442-4917-8e75-2e64aba4b683,2,3220.532373
2026/01/26/21:07:27,running-time,rs-000288-dsdsh,df92d0c8-3442-4917-8e75-2e64aba4b683,2,3220.532373
2026/01/26/21:07:37,running-time,rs-000286-2k8sk,73bc48fe-ba37-430b-9b14-9b946b4778fd,1,3230.532373
2026/01/26/21:10:37,apply-time,rs-000289-g6x54,7d0f0bf8-fe27-4eea-b638-b0056721148f,4,3410.532373
2026/01/26/21:10:37,running-time,rs-000289-g6x54,7d0f0bf8-fe27-4eea-b638-b0056721148f,4,3410.532373
2026/01/26/21:10:37,apply-time,rs-000289-kd7bx,1c4df74a-60a6-4bd2-8ad1-6cd7257f4730,4,3410.532373
2026/01/26/21:10:37,running-time,rs-000289-kd7bx,1c4df74a-60a6-4bd2-8ad1-6cd7257f4730,4,3410.532373
2026/01/26/21:10:38,apply-time,rs-000290-tr8dm,01696f08-21c6-41f2-bbb5-405ac42fe120,3,3411.532373
2026/01/26/21:10:38,running-time,rs-000290-tr8dm,01696f08-21c6-41f2-bbb5-405ac42fe120,3,3411.532373
2026/01/26/21:10:38,apply-time,rs-000290-zs762,2f6ee04a-d00d-45f7-b46d-bc450e05ce0e,3,3411.532373
2026/01/26/21:10:38,running-time,rs-000290-zs762,2f6ee04a-d00d-45f7-b46d-bc450e05ce0e,3,3411.532373
2026/01/26/21:10:41,apply-time,rs-000291-4gkpr,4065cf84-6d98-4935-bb99-a4e5fc92924a,3,3414.532373
2026/01/26/21:10:41,running-time,rs-000291-4gkpr,4065cf84-6d98-4935-bb99-a4e5fc92924a,3,3414.532373
2026/01/26/21:10:41,apply-time,rs-000291-lppbh,8aabb30b-2603-462f-94fd-53ad77e7dd92,3,3414.532373
2026/01/26/21:10:41,running-time,rs-000291-lppbh,8aabb30b-2603-462f-94fd-53ad77e7dd92,3,3414.532373
2026/01/26/21:10:41,apply-time,rs-000292-n9xjm,ca8568f5-32c3-4603-9ce7-f74a44b4620f,1,3414.532373
2026/01/26/21:10:41,apply-time,rs-000293-v6hrd,b28023c1-e73e-4917-963e-085074009f23,1,3414.532373
2026/01/26/21:10:41,running-time,rs-000293-v6hrd,b28023c1-e73e-4917-963e-085074009f23,1,3414.532373
2026/01/26/21:11:43,apply-time,rs-000294-mbqwv,c1db50fb-57b8-40d2-b11a-2514bf03db23,3,3476.532373
2026/01/26/21:11:43,running-time,rs-000294-mbqwv,c1db50fb-57b8-40d2-b11a-2514bf03db23,3,3476.532373
2026/01/26/21:11:43,apply-time,rs-000294-t9rkh,eae05ba4-e65c-4fd0-9faf-5224da02facf,3,3476.532373
2026/01/26/21:11:43,running-time,rs-000294-t9rkh,eae05ba4-e65c-4fd0-9faf-5224da02facf,3,3476.532373
2026/01/26/21:11:43,apply-time,rs-000294-vpc52,9f6ef78e-470b-4d46-9d9c-ba95c64b51fd,3,3476.532373
2026/01/26/21:11:43,running-time,rs-000294-vpc52,9f6ef78e-470b-4d46-9d9c-ba95c64b51fd,3,3476.532373
2026/01/26/21:11:43,apply-time,rs-000295-krqj9,51a1709d-51a2-424c-9230-85ec9250f6bc,2,3476.532373
2026/01/26/21:11:43,running-time,rs-000295-krqj9,51a1709d-51a2-424c-9230-85ec9250f6bc,2,3476.532373
2026/01/26/21:11:43,apply-time,rs-000295-r8pwk,393a7750-fe06-40ab-b7af-199c35ed277f,2,3476.532373
2026/01/26/21:11:43,running-time,rs-000295-r8pwk,393a7750-fe06-40ab-b7af-199c35ed277f,2,3476.532373
2026/01/26/21:11:43,apply-time,rs-000295-v4h7h,9393b04c-bceb-49e0-bc4f-f216de6c5f31,2,3476.532373
2026/01/26/21:11:43,running-time,rs-000295-v4h7h,9393b04c-bceb-49e0-bc4f-f216de6c5f31,2,3476.532373
2026/01/26/21:11:46,apply-time,rs-000296-psl5z,389bbb8c-1c70-4354-870e-8ec60b6c88cb,3,3479.532373
2026/01/26/21:11:46,running-time,rs-000296-psl5z,389bbb8c-1c70-4354-870e-8ec60b6c88cb,3,3479.532373
2026/01/26/21:11:46,apply-time,rs-000297-btsqc,67e91207-3394-4222-bdfc-33490a1629e2,3,3479.532373
2026/01/26/21:11:46,running-time,rs-000297-btsqc,67e91207-3394-4222-bdfc-33490a1629e2,3,3479.532373
2026/01/26/21:11:46,apply-time,rs-000297-ht4dr,7d5f1fa6-b63b-4202-958c-05b5713dbe62,3,3479.532373
2026/01/26/21:11:46,running-time,rs-000297-ht4dr,7d5f1fa6-b63b-4202-958c-05b5713dbe62,3,3479.532373
2026/01/26/21:11:46,apply-time,rs-000298-5ndm4,89624673-f91f-43f1-922d-c95d3c444d88,1,3479.532373
2026/01/26/21:11:46,running-time,rs-000298-5ndm4,89624673-f91f-43f1-922d-c95d3c444d88,1,3479.532373
2026/01/26/21:11:46,apply-time,rs-000299-p8wlz,cc5805ae-c813-40a1-b0c0-d30adac5a1cf,2,3479.532373
2026/01/26/21:11:46,running-time,rs-000299-p8wlz,cc5805ae-c813-40a1-b0c0-d30adac5a1cf,2,3479.532373
2026/01/26/21:11:46,apply-time,rs-000300-gsnzr,058844bd-aa9a-4841-bc64-012bc502c933,1,3479.532373
2026/01/26/21:11:46,running-time,rs-000300-gsnzr,058844bd-aa9a-4841-bc64-012bc502c933,1,3479.532373
2026/01/26/21:11:46,apply-time,rs-000300-rkv6t,1ad14cde-bf0f-4ff3-859c-9f893f8822d7,1,3479.532373
2026/01/26/21:11:46,running-time,rs-000300-rkv6t,1ad14cde-bf0f-4ff3-859c-9f893f8822d7,1,3479.532373
2026/01/26/21:11:46,apply-time,rs-000300-xhs2r,9511c197-07d1-47cf-9b68-5c723ca4793f,1,3479.532373
2026/01/26/21:11:46,running-time,rs-000300-xhs2r,9511c197-07d1-47cf-9b68-5c723ca4793f,1,3479.532373
2026/01/26/21:13:08,apply-time,rs-000301-5qxvg,0ccef2ea-7d61-439b-b528-11bb65dcb5a3,1,3561.532373
2026/01/26/21:13:08,running-time,rs-000301-5qxvg,0ccef2ea-7d61-439b-b528-11bb65dcb5a3,1,3561.532373
2026/01/26/21:14:02,apply-time,rs-000302-prsp4,1cc5df53-9724-4b98-8da5-2bcd9bde1c44,3,3615.532373
2026/01/26/21:14:02,running-time,rs-000302-prsp4,1cc5df53-9724-4b98-8da5-2bcd9bde1c44,3,3615.532373
2026/01/26/21:14:03,apply-time,rs-000303-gjsdv,305b4e88-b5c4-40b9-a291-8840ece6433b,3,3617.532373
2026/01/26/21:14:03,running-time,rs-000303-gjsdv,305b4e88-b5c4-40b9-a291-8840ece6433b,3,3617.532373
2026/01/26/21:14:03,apply-time,rs-000303-s7vwz,f8f32838-11db-421c-8b62-4f8c30349b75,3,3617.532373
2026/01/26/21:14:04,running-time,rs-000303-s7vwz,f8f32838-11db-421c-8b62-4f8c30349b75,3,3617.532373
2026/01/26/21:14:04,apply-time,rs-000304-9v8qw,c30b5127-9003-4b43-b48f-e445186c3107,1,3617.532373
2026/01/26/21:14:04,running-time,rs-000304-9v8qw,c30b5127-9003-4b43-b48f-e445186c3107,1,3617.532373
2026/01/26/21:14:04,apply-time,rs-000304-rf8b8,222aefc6-821f-4f89-973f-9ec5ce5e3749,1,3617.532373
2026/01/26/21:14:04,running-time,rs-000304-rf8b8,222aefc6-821f-4f89-973f-9ec5ce5e3749,1,3617.532373
2026/01/26/21:14:04,apply-time,rs-000305-crzsg,648b4f5c-343a-4ca4-abb8-5d993d529df4,1,3617.532373
2026/01/26/21:14:04,running-time,rs-000305-crzsg,648b4f5c-343a-4ca4-abb8-5d993d529df4,1,3617.532373
2026/01/26/21:14:04,apply-time,rs-000305-m86sk,d3436655-17f2-424b-9735-4b231bcd30f5,1,3617.532373
2026/01/26/21:14:04,running-time,rs-000305-m86sk,d3436655-17f2-424b-9735-4b231bcd30f5,1,3617.532373
2026/01/26/21:14:04,apply-time,rs-000305-nw52z,49bee85d-e746-434f-91eb-2b37bcd34d5f,1,3617.532373
2026/01/26/21:14:04,running-time,rs-000305-nw52z,49bee85d-e746-434f-91eb-2b37bcd34d5f,1,3617.532373
2026/01/26/21:14:04,apply-time,rs-000306-nzhbt,45492a22-1e0e-4c94-aaff-465d6ee965ad,1,3617.532373
2026/01/26/21:14:04,running-time,rs-000306-nzhbt,45492a22-1e0e-4c94-aaff-465d6ee965ad,1,3617.532373
2026/01/26/21:14:04,apply-time,rs-000306-p2t6p,eaaded1b-1f7b-4e9d-bb8f-31ab4c09a244,1,3617.532373
2026/01/26/21:14:04,running-time,rs-000306-p2t6p,eaaded1b-1f7b-4e9d-bb8f-31ab4c09a244,1,3617.532373
2026/01/26/21:14:04,apply-time,rs-000306-p9dgc,b86fdddd-aa61-4719-a113-8bffce8fa866,1,3617.532373
2026/01/26/21:14:04,running-time,rs-000306-p9dgc,b86fdddd-aa61-4719-a113-8bffce8fa866,1,3617.532373
2026/01/26/21:14:04,apply-time,rs-000307-dscwq,23fd3c2c-4134-4389-898e-bbd8d41bf54e,1,3617.532373
2026/01/26/21:14:04,running-time,rs-000307-dscwq,23fd3c2c-4134-4389-898e-bbd8d41bf54e,1,3617.532373
2026/01/26/21:14:04,apply-time,rs-000307-grz4h,e45dbac9-6dcd-4eba-9efd-91b651d47493,1,3617.532373
2026/01/26/21:14:04,running-time,rs-000307-grz4h,e45dbac9-6dcd-4eba-9efd-91b651d47493,1,3617.532373
2026/01/26/21:14:04,apply-time,rs-000307-vdjtx,25aa9aea-1801-4f1d-8fb3-ffc9691dc9c8,1,3617.532373
2026/01/26/21:14:04,running-time,rs-000307-vdjtx,25aa9aea-1801-4f1d-8fb3-ffc9691dc9c8,1,3617.532373
2026/01/26/21:14:04,apply-time,rs-000308-fbm5w,70d226dd-0fe2-47db-9a02-6842ecc51f13,3,3617.532373
2026/01/26/21:14:04,running-time,rs-000308-fbm5w,70d226dd-0fe2-47db-9a02-6842ecc51f13,3,3617.532373
2026/01/26/21:14:04,apply-time,rs-000308-qtxkc,73f6292b-3e29-4b7c-9716-f20faf099267,3,3617.532373
2026/01/26/21:14:04,running-time,rs-000308-qtxkc,73f6292b-3e29-4b7c-9716-f20faf099267,3,3617.532373
2026/01/26/21:14:04,apply-time,rs-000309-hnhtf,7353129e-ce8d-46f1-b6ff-1305b71f9021,2,3617.532373
2026/01/26/21:14:04,running-time,rs-000309-hnhtf,7353129e-ce8d-46f1-b6ff-1305b71f9021,2,3617.532373
2026/01/26/21:14:04,apply-time,rs-000312-8bnfr,5305488e-1ab9-4fc9-8d74-340962c82229,2,3618.532373
2026/01/26/21:14:05,apply-time,rs-000305-247r8,29491377-80d6-402a-8aa3-ef114b4e4236,1,3618.532373
2026/01/26/21:14:05,running-time,rs-000305-247r8,29491377-80d6-402a-8aa3-ef114b4e4236,1,3618.532373
2026/01/26/21:14:05,apply-time,rs-000306-mcqd4,e70c399d-9b24-433e-a232-020d69c3b228,1,3618.532373
2026/01/26/21:14:05,running-time,rs-000306-mcqd4,e70c399d-9b24-433e-a232-020d69c3b228,1,3618.532373
2026/01/26/21:14:05,apply-time,rs-000310-6ftd7,4b5f1136-e939-4267-b7bf-a1a8d7a50644,3,3618.532373
2026/01/26/21:14:05,running-time,rs-000310-6ftd7,4b5f1136-e939-4267-b7bf-a1a8d7a50644,3,3618.532373
2026/01/26/21:14:05,apply-time,rs-000310-f4qhm,516a08a0-f578-4fe2-b6ad-a51aa1de403f,3,3618.532373
2026/01/26/21:14:05,running-time,rs-000310-f4qhm,516a08a0-f578-4fe2-b6ad-a51aa1de403f,3,3618.532373
2026/01/26/21:14:05,apply-time,rs-000311-sh7bc,aaf63b59-8466-43cc-aa0c-c1e5cec50004,1,3618.532373
2026/01/26/21:14:05,running-time,rs-000311-sh7bc,aaf63b59-8466-43cc-aa0c-c1e5cec50004,1,3618.532373
2026/01/26/21:14:05,apply-time,rs-000312-42qfj,74a010cd-8ef5-4e90-95c2-2964a9040d69,2,3618.532373
2026/01/26/21:14:05,running-time,rs-000312-42qfj,74a010cd-8ef5-4e90-95c2-2964a9040d69,2,3618.532373
2026/01/26/21:14:05,running-time,rs-000312-8bnfr,5305488e-1ab9-4fc9-8d74-340962c82229,2,3618.532373
2026/01/26/21:14:05,apply-time,rs-000313-tn249,3f207db7-a929-4be3-ad46-be77e6a5c5c9,4,3618.532373
2026/01/26/21:14:05,running-time,rs-000313-tn249,3f207db7-a929-4be3-ad46-be77e6a5c5c9,4,3618.532373
2026/01/26/21:14:05,apply-time,rs-000314-579q2,39f016ef-3b42-4dc9-8ce2-49b7432b03de,3,3618.532373
2026/01/26/21:14:05,running-time,rs-000314-579q2,39f016ef-3b42-4dc9-8ce2-49b7432b03de,3,3618.532373
2026/01/26/21:14:05,apply-time,rs-000314-cqcwl,3144b216-9e2f-4643-a990-33f9328ffdaf,3,3618.532373
2026/01/26/21:14:05,running-time,rs-000314-cqcwl,3144b216-9e2f-4643-a990-33f9328ffdaf,3,3618.532373
2026/01/26/21:14:05,apply-time,rs-000314-ftkbt,73fa70e5-673d-4a04-8bb4-20b4a86cc2e8,3,3618.532373
2026/01/26/21:14:05,running-time,rs-000314-ftkbt,73fa70e5-673d-4a04-8bb4-20b4a86cc2e8,3,3618.532373
2026/01/26/21:14:10,apply-time,rs-000315-gcpwl,d4443fe9-dd13-4f70-9152-cdc98aedbe96,1,3623.532373
2026/01/26/21:14:10,running-time,rs-000315-gcpwl,d4443fe9-dd13-4f70-9152-cdc98aedbe96,1,3624.532373
2026/01/26/21:14:10,apply-time,rs-000315-rnnzq,a5991fa8-b6f5-4165-8cff-ddb2b792aecd,1,3624.532373
2026/01/26/21:14:11,running-time,rs-000315-rnnzq,a5991fa8-b6f5-4165-8cff-ddb2b792aecd,1,3624.532373
2026/01/26/21:14:28,apply-time,rs-000316-2mzrq,c846ef9b-2e71-42a7-891d-bf717a0d18f3,1,3641.532373
2026/01/26/21:14:28,running-time,rs-000316-2mzrq,c846ef9b-2e71-42a7-891d-bf717a0d18f3,1,3641.532373
2026/01/26/21:14:28,apply-time,rs-000316-cnhgk,91beb795-e1db-4e40-8b5d-6ba15e720f24,1,3641.532373
2026/01/26/21:14:28,running-time,rs-000316-cnhgk,91beb795-e1db-4e40-8b5d-6ba15e720f24,1,3641.532373
2026/01/26/21:14:28,apply-time,rs-000316-kn9mp,b1ad73da-5efd-4552-9c1d-705b8c532934,1,3641.532373
2026/01/26/21:14:28,running-time,rs-000316-kn9mp,b1ad73da-5efd-4552-9c1d-705b8c532934,1,3641.532373
2026/01/26/21:14:28,apply-time,rs-000317-4v7kp,e73efef8-bb83-426a-8ca8-746de56e1708,2,3641.532373
2026/01/26/21:14:28,running-time,rs-000317-4v7kp,e73efef8-bb83-426a-8ca8-746de56e1708,2,3641.532373
2026/01/26/21:14:28,apply-time,rs-000317-bjvfn,886d8da6-5228-44b1-a928-13f22abd392c,2,3641.532373
2026/01/26/21:14:28,running-time,rs-000317-bjvfn,886d8da6-5228-44b1-a928-13f22abd392c,2,3641.532373
2026/01/26/21:14:28,apply-time,rs-000317-n6c9n,196e930b-e5a6-4026-838b-5056131c85a6,2,3641.532373
2026/01/26/21:14:28,running-time,rs-000317-n6c9n,196e930b-e5a6-4026-838b-5056131c85a6,2,3641.532373
2026/01/26/21:14:30,apply-time,rs-000318-82x9n,7b93061a-c0b4-4379-98fa-0d23e349739d,4,3643.532373
2026/01/26/21:14:30,running-time,rs-000318-82x9n,7b93061a-c0b4-4379-98fa-0d23e349739d,4,3643.532373
2026/01/26/21:14:30,apply-time,rs-000318-mqgd8,d9d9ee37-6244-4851-9aa1-a506d13f467d,4,3643.532373
2026/01/26/21:14:30,running-time,rs-000318-mqgd8,d9d9ee37-6244-4851-9aa1-a506d13f467d,4,3643.532373
2026/01/26/21:14:30,apply-time,rs-000319-l5fll,795c1731-b48c-487a-a90b-a602deda942e,1,3643.532373
2026/01/26/21:14:30,running-time,rs-000319-l5fll,795c1731-b48c-487a-a90b-a602deda942e,1,3643.532373
2026/01/26/21:14:30,apply-time,rs-000319-qntz6,839e5568-5fcd-47eb-aa2f-31ad43419b22,1,3643.532373
2026/01/26/21:14:30,running-time,rs-000319-qntz6,839e5568-5fcd-47eb-aa2f-31ad43419b22,1,3643.532373
2026/01/26/21:14:43,apply-time,rs-000320-9k2r4,e6db0aba-59a7-4377-8221-b265a6c8e86c,4,3656.532373
2026/01/26/21:14:43,running-time,rs-000320-9k2r4,e6db0aba-59a7-4377-8221-b265a6c8e86c,4,3656.532373
2026/01/26/21:14:43,apply-time,rs-000320-bn4hx,4396aa24-9cf3-4850-8e75-ebd6d9b36cc7,4,3656.532373
2026/01/26/21:14:43,running-time,rs-000320-bn4hx,4396aa24-9cf3-4850-8e75-ebd6d9b36cc7,4,3656.532373
2026/01/26/21:14:43,apply-time,rs-000321-8m96j,43b58bfb-9cb0-419b-8d44-30d3a310e7f7,3,3656.532373
2026/01/26/21:14:43,running-time,rs-000321-8m96j,43b58bfb-9cb0-419b-8d44-30d3a310e7f7,3,3656.532373
2026/01/26/21:14:43,apply-time,rs-000321-z48s8,8549d27d-1848-4be7-be58-0f54da41c852,3,3656.532373
2026/01/26/21:14:43,running-time,rs-000321-z48s8,8549d27d-1848-4be7-be58-0f54da41c852,3,3656.532373
2026/01/26/21:15:35,apply-time,rs-000322-dzz58,6539da89-4815-45ab-b42c-0c1e39c3c0a3,2,3709.532373
2026/01/26/21:15:35,apply-time,rs-000323-kjj8v,15d6d4fe-cf06-4c77-a5db-de95a1479dba,4,3709.532373
2026/01/26/21:15:35,apply-time,rs-000324-sxt46,901596f5-c2ee-4932-ad09-13d114eb25a3,4,3709.532373
2026/01/26/21:15:36,running-time,rs-000322-dzz58,6539da89-4815-45ab-b42c-0c1e39c3c0a3,2,3709.532373
2026/01/26/21:15:36,apply-time,rs-000323-8qb7v,153e00ae-fc44-406d-accf-63dddb95de78,4,3709.532373
2026/01/26/21:15:36,running-time,rs-000323-8qb7v,153e00ae-fc44-406d-accf-63dddb95de78,4,3709.532373
2026/01/26/21:15:36,running-time,rs-000323-kjj8v,15d6d4fe-cf06-4c77-a5db-de95a1479dba,4,3709.532373
2026/01/26/21:15:36,running-time,rs-000324-sxt46,901596f5-c2ee-4932-ad09-13d114eb25a3,4,3709.532373
2026/01/26/21:15:37,apply-time,rs-000325-8mvfn,3f54693f-8191-4eef-89c5-71b4e167727e,3,3710.532373
2026/01/26/21:15:37,running-time,rs-000325-8mvfn,3f54693f-8191-4eef-89c5-71b4e167727e,3,3710.532373
2026/01/26/21:15:37,apply-time,rs-000325-9x7zp,c433971e-fed5-4185-8116-abb6df934f8b,3,3710.532373
2026/01/26/21:15:37,running-time,rs-000325-9x7zp,c433971e-fed5-4185-8116-abb6df934f8b,3,3710.532373
2026/01/26/21:15:37,apply-time,rs-000325-jcwjl,a3da1024-d352-47cd-98a6-ee0ce4337ea8,3,3710.532373
2026/01/26/21:15:37,running-time,rs-000325-jcwjl,a3da1024-d352-47cd-98a6-ee0ce4337ea8,3,3710.532373
2026/01/26/21:15:37,apply-time,rs-000326-8r4k5,33766bd6-dc11-4606-92d3-931b9fb938ff,4,3710.532373
2026/01/26/21:15:37,running-time,rs-000326-8r4k5,33766bd6-dc11-4606-92d3-931b9fb938ff,4,3710.532373
2026/01/26/21:15:37,apply-time,rs-000326-pq4m6,501712e5-40a2-4ccd-bfeb-56e1ea1033bb,4,3710.532373
2026/01/26/21:15:37,running-time,rs-000326-pq4m6,501712e5-40a2-4ccd-bfeb-56e1ea1033bb,4,3710.532373
2026/01/26/21:15:37,apply-time,rs-000327-dfcmm,fb6433cb-ee89-448b-85ff-3a71a19a7216,2,3710.532373
2026/01/26/21:15:37,running-time,rs-000327-dfcmm,fb6433cb-ee89-448b-85ff-3a71a19a7216,2,3710.532373
2026/01/26/21:15:37,apply-time,rs-000327-rqfnz,c7cf6d51-6312-4dbc-b68d-3ed85c605da0,2,3710.532373
2026/01/26/21:15:37,running-time,rs-000327-rqfnz,c7cf6d51-6312-4dbc-b68d-3ed85c605da0,2,3710.532373
2026/01/26/21:15:37,apply-time,rs-000328-4bfl7,76010afb-e620-4f30-b726-188b6ddd3f5f,3,3710.532373
2026/01/26/21:15:37,running-time,rs-000328-4bfl7,76010afb-e620-4f30-b726-188b6ddd3f5f,3,3710.532373
2026/01/26/21:15:37,apply-time,rs-000328-n5qg8,5610981c-e803-42df-bb45-75381823532c,3,3710.532373
2026/01/26/21:15:37,running-time,rs-000328-n5qg8,5610981c-e803-42df-bb45-75381823532c,3,3710.532373
2026/01/26/21:15:37,apply-time,rs-000329-dqt6p,ab19aeab-359b-47e9-89c5-8eff0595b3df,3,3710.532373
2026/01/26/21:15:37,running-time,rs-000329-dqt6p,ab19aeab-359b-47e9-89c5-8eff0595b3df,3,3710.532373
2026/01/26/21:15:37,apply-time,rs-000329-qwrz9,eb297d5a-d83b-437e-b26c-a9d804d0759b,3,3710.532373
2026/01/26/21:15:37,running-time,rs-000329-qwrz9,eb297d5a-d83b-437e-b26c-a9d804d0759b,3,3710.532373
2026/01/26/21:15:38,apply-time,rs-000237-br7z8,05359bc1-8568-4e14-a8fb-0469a44d38b0,1,3711.532373
2026/01/26/21:15:38,apply-time,rs-000330-8krhn,370e561d-da44-4481-82f2-7ad8b82bc358,1,3711.532373
2026/01/26/21:15:38,running-time,rs-000330-8krhn,370e561d-da44-4481-82f2-7ad8b82bc358,1,3711.532373
2026/01/26/21:15:38,apply-time,rs-000330-zstpg,c926479e-57a5-45f0-83f3-52458ec6fb93,1,3711.532373
2026/01/26/21:15:38,running-time,rs-000330-zstpg,c926479e-57a5-45f0-83f3-52458ec6fb93,1,3711.532373
2026/01/26/21:15:39,apply-time,rs-000331-6cvbk,7a9d969d-11db-4066-9a02-1386dac32865,1,3712.532373
2026/01/26/21:15:39,running-time,rs-000331-6cvbk,7a9d969d-11db-4066-9a02-1386dac32865,1,3712.532373
2026/01/26/21:15:39,apply-time,rs-000332-c4262,47cd1e5d-c3ec-44ae-9d87-79448270c498,1,3712.532373
2026/01/26/21:15:39,running-time,rs-000332-c4262,47cd1e5d-c3ec-44ae-9d87-79448270c498,1,3712.532373
2026/01/26/21:15:39,apply-time,rs-000333-ncjxg,e45a17e1-1560-41ac-9188-2a5ecfd5228d,4,3712.532373
2026/01/26/21:15:39,apply-time,rs-000334-spcdt,3323e4ae-a1b7-4ec1-a0c5-bbd6a11cb899,3,3712.532373
2026/01/26/21:15:39,running-time,rs-000334-spcdt,3323e4ae-a1b7-4ec1-a0c5-bbd6a11cb899,3,3712.532373
2026/01/26/21:15:39,apply-time,rs-000335-zqmrl,69f1898c-55d3-459c-8ce9-887ed73c3e18,1,3712.532373
2026/01/26/21:15:39,running-time,rs-000335-zqmrl,69f1898c-55d3-459c-8ce9-887ed73c3e18,1,3712.532373
2026/01/26/21:15:40,apply-time,rs-000331-6slf6,b53b00ae-4e50-4e96-8483-45879add58b2,1,3713.532373
2026/01/26/21:15:40,running-time,rs-000331-6slf6,b53b00ae-4e50-4e96-8483-45879add58b2,1,3713.532373
2026/01/26/21:15:40,apply-time,rs-000333-4qtks,b8242f41-ef57-48c4-aa03-eccfbf28057e,4,3713.532373
2026/01/26/21:15:40,running-time,rs-000333-4qtks,b8242f41-ef57-48c4-aa03-eccfbf28057e,4,3713.532373
2026/01/26/21:15:40,running-time,rs-000333-ncjxg,e45a17e1-1560-41ac-9188-2a5ecfd5228d,4,3713.532373
2026/01/26/21:15:40,apply-time,rs-000334-qrc5f,276c80d2-7ee8-4251-ae95-e7aab4c8633c,3,3713.532373
2026/01/26/21:15:40,running-time,rs-000334-qrc5f,276c80d2-7ee8-4251-ae95-e7aab4c8633c,3,3713.532373
2026/01/26/21:15:40,apply-time,rs-000334-r52z9,95a583e6-61e7-42e8-8cc8-1417d186bbc6,3,3713.532373
2026/01/26/21:15:40,running-time,rs-000334-r52z9,95a583e6-61e7-42e8-8cc8-1417d186bbc6,3,3713.532373
2026/01/26/21:15:40,apply-time,rs-000335-5zqpg,83758878-c3cf-41ee-92c9-70fe6165fb12,1,3713.532373
2026/01/26/21:15:40,running-time,rs-000335-5zqpg,83758878-c3cf-41ee-92c9-70fe6165fb12,1,3713.532373
2026/01/26/21:15:40,apply-time,rs-000336-49s6g,5d7ca532-4f5c-4e18-b24a-4904e555a681,1,3713.532373
2026/01/26/21:15:40,running-time,rs-000336-49s6g,5d7ca532-4f5c-4e18-b24a-4904e555a681,1,3713.532373
2026/01/26/21:15:40,apply-time,rs-000336-gj8bw,9a57ccdc-bc7b-4c7f-bd9c-428789de1e53,1,3713.532373
2026/01/26/21:15:40,running-time,rs-000336-gj8bw,9a57ccdc-bc7b-4c7f-bd9c-428789de1e53,1,3713.532373
2026/01/26/21:15:40,apply-time,rs-000337-2mpcp,a7aceb2b-068d-42a3-b6bb-cdf8f5196760,3,3713.532373
2026/01/26/21:15:40,running-time,rs-000337-2mpcp,a7aceb2b-068d-42a3-b6bb-cdf8f5196760,3,3713.532373
2026/01/26/21:15:41,apply-time,rs-000304-k4xdp,8b819602-8966-46d6-bfa8-891706ebff20,1,3714.532373
2026/01/26/21:15:41,running-time,rs-000304-k4xdp,8b819602-8966-46d6-bfa8-891706ebff20,1,3714.532373
2026/01/26/21:15:41,apply-time,rs-000338-blk5g,24b995e3-6761-44f7-823b-261dad195649,4,3714.532373
2026/01/26/21:15:41,running-time,rs-000338-blk5g,24b995e3-6761-44f7-823b-261dad195649,4,3714.532373
2026/01/26/21:15:41,apply-time,rs-000338-fvtzl,92ef7c5a-8aac-4143-88b6-ef8db2f967bd,4,3714.532373
2026/01/26/21:15:41,running-time,rs-000338-fvtzl,92ef7c5a-8aac-4143-88b6-ef8db2f967bd,4,3714.532373
2026/01/26/21:15:41,apply-time,rs-000338-w2cjq,3c8be7b1-3706-499d-97ce-97971328e9b7,4,3714.532373
2026/01/26/21:15:41,running-time,rs-000338-w2cjq,3c8be7b1-3706-499d-97ce-97971328e9b7,4,3714.532373
2026/01/26/21:15:41,apply-time,rs-000339-8hfr4,cd6ca28c-1915-4251-aad2-bd504bff47dd,2,3714.532373
2026/01/26/21:15:41,running-time,rs-000339-8hfr4,cd6ca28c-1915-4251-aad2-bd504bff47dd,2,3714.532373
2026/01/26/21:15:41,apply-time,rs-000339-lks2l,15310fa1-1890-4ce0-bc91-f4b820968d20,2,3714.532373
2026/01/26/21:15:41,running-time,rs-000339-lks2l,15310fa1-1890-4ce0-bc91-f4b820968d20,2,3714.532373
2026/01/26/21:15:41,apply-time,rs-000339-lwnf7,034967ce-9d3d-45b7-836e-2411411b1d6b,2,3714.532373
2026/01/26/21:15:41,running-time,rs-000339-lwnf7,034967ce-9d3d-45b7-836e-2411411b1d6b,2,3714.532373
2026/01/26/21:15:41,apply-time,rs-000340-p4hcr,fe41370a-98ec-49e5-8acf-465927e90533,3,3714.532373
2026/01/26/21:15:41,running-time,rs-000340-p4hcr,fe41370a-98ec-49e5-8acf-465927e90533,3,3714.532373
2026/01/26/21:15:41,apply-time,rs-000340-wg8ft,f3b623c0-c1a4-4703-92ef-8c649fe0a68d,3,3715.532373
2026/01/26/21:15:41,apply-time,rs-000341-jpl6q,7a59d951-f854-41cf-ab13-22d4424bd864,3,3714.532373
2026/01/26/21:15:41,running-time,rs-000341-jpl6q,7a59d951-f854-41cf-ab13-22d4424bd864,3,3714.532373
2026/01/26/21:15:42,apply-time,rs-000330-pvd8t,faf3a69b-8363-4df1-a2e4-59691d85be78,1,3715.532373
2026/01/26/21:15:42,apply-time,rs-000330-tpcc4,ae8b167a-fb41-4605-9765-021798467424,1,3715.532373
2026/01/26/21:15:42,apply-time,rs-000331-v4q5j,127c70ba-4a75-422b-b8f7-e497d47dbd3c,1,3715.532373
2026/01/26/21:15:42,running-time,rs-000340-wg8ft,f3b623c0-c1a4-4703-92ef-8c649fe0a68d,3,3715.532373
2026/01/26/21:15:42,apply-time,rs-000341-4pd2h,eb932043-6552-4c6f-bbca-ea1f8c1de7ed,3,3715.532373
2026/01/26/21:15:42,running-time,rs-000341-4pd2h,eb932043-6552-4c6f-bbca-ea1f8c1de7ed,3,3715.532373
2026/01/26/21:15:42,apply-time,rs-000341-v2245,6787243c-a7af-4e73-9a4d-c9b05d8f33af,3,3715.532373
2026/01/26/21:15:42,running-time,rs-000341-v2245,6787243c-a7af-4e73-9a4d-c9b05d8f33af,3,3715.532373
2026/01/26/21:15:43,running-time,rs-000331-v4q5j,127c70ba-4a75-422b-b8f7-e497d47dbd3c,1,3716.532373
2026/01/26/21:15:51,running-time,rs-000237-br7z8,05359bc1-8568-4e14-a8fb-0469a44d38b0,1,3724.532373
2026/01/26/21:16:25,apply-time,rs-000342-bk2hs,a059c4ad-a1a4-432f-b73a-2f9a8771a303,1,3758.532373
2026/01/26/21:16:25,running-time,rs-000342-bk2hs,a059c4ad-a1a4-432f-b73a-2f9a8771a303,1,3758.532373
2026/01/26/21:16:25,apply-time,rs-000342-j6kxr,8058c60d-35f2-42d9-b3dd-505119ea2345,1,3758.532373
2026/01/26/21:16:25,running-time,rs-000342-j6kxr,8058c60d-35f2-42d9-b3dd-505119ea2345,1,3758.532373
2026/01/26/21:16:25,apply-time,rs-000343-5mx78,15d4953a-e3e9-4cb0-95a1-be0ed3fdcbcd,3,3758.532373
2026/01/26/21:16:25,running-time,rs-000343-5mx78,15d4953a-e3e9-4cb0-95a1-be0ed3fdcbcd,3,3758.532373
2026/01/26/21:16:25,apply-time,rs-000343-dmp7g,b93349bc-59f4-444f-9e84-451cd5200423,3,3758.532373
2026/01/26/21:16:25,running-time,rs-000343-dmp7g,b93349bc-59f4-444f-9e84-451cd5200423,3,3758.532373
2026/01/26/21:16:25,apply-time,rs-000344-rxv94,456fefd8-4435-4366-a087-21093e3c63ba,1,3758.532373
2026/01/26/21:16:25,running-time,rs-000344-rxv94,456fefd8-4435-4366-a087-21093e3c63ba,1,3758.532373
2026/01/26/21:16:25,apply-time,rs-000345-5t62k,1c51a20c-7780-4fc2-ac29-7d49ecc6ca63,3,3758.532373
2026/01/26/21:16:25,apply-time,rs-000346-ksqp5,84234939-b804-4a73-b568-b587d307a1fd,2,3759.532373
2026/01/26/21:16:26,apply-time,rs-000342-pgnm4,98e8aa08-eb23-4496-8d32-630915682c13,1,3759.532373
2026/01/26/21:16:26,apply-time,rs-000344-nvqt9,081afd4c-2c19-4548-b740-4aeb3c5fda98,1,3759.532373
2026/01/26/21:16:26,running-time,rs-000344-nvqt9,081afd4c-2c19-4548-b740-4aeb3c5fda98,1,3759.532373
2026/01/26/21:16:26,running-time,rs-000345-5t62k,1c51a20c-7780-4fc2-ac29-7d49ecc6ca63,3,3759.532373
2026/01/26/21:16:26,apply-time,rs-000346-6ltrh,abeba57d-fc69-46fc-869f-1fb7d598d4c6,2,3759.532373
2026/01/26/21:16:26,running-time,rs-000346-6ltrh,abeba57d-fc69-46fc-869f-1fb7d598d4c6,2,3759.532373
2026/01/26/21:16:26,running-time,rs-000346-ksqp5,84234939-b804-4a73-b568-b587d307a1fd,2,3759.532373
2026/01/26/21:16:26,apply-time,rs-000346-rx8g6,353fe08d-271e-40da-8e93-a6ece39fab7b,2,3759.532373
2026/01/26/21:16:26,running-time,rs-000346-rx8g6,353fe08d-271e-40da-8e93-a6ece39fab7b,2,3759.532373
2026/01/26/21:16:27,running-time,rs-000342-pgnm4,98e8aa08-eb23-4496-8d32-630915682c13,1,3760.532373
2026/01/26/21:16:32,apply-time,rs-000347-n4gx6,16f98c0a-48ea-409c-b056-1de0fef914e6,2,3765.532373
2026/01/26/21:16:32,running-time,rs-000347-n4gx6,16f98c0a-48ea-409c-b056-1de0fef914e6,2,3765.532373
2026/01/26/21:16:32,apply-time,rs-000348-bm88r,a616a3a8-4459-491f-af11-0e516b9d8007,3,3765.532373
2026/01/26/21:16:32,running-time,rs-000348-bm88r,a616a3a8-4459-491f-af11-0e516b9d8007,3,3765.532373
2026/01/26/21:16:36,apply-time,rs-000342-764md,64dd19e7-b67e-474b-afa5-95c60bcaa71b,1,3769.532373
2026/01/26/21:16:36,running-time,rs-000342-764md,64dd19e7-b67e-474b-afa5-95c60bcaa71b,1,3769.532373
2026/01/26/21:16:36,apply-time,rs-000349-plpnk,5e8ec51b-3261-4fd7-a9a8-6990372d90ee,2,3769.532373
2026/01/26/21:16:36,running-time,rs-000349-plpnk,5e8ec51b-3261-4fd7-a9a8-6990372d90ee,2,3769.532373
2026/01/26/21:16:36,apply-time,rs-000349-vvfnw,68873e4b-57cc-4ba7-951a-c713f6a8bd72,2,3769.532373
2026/01/26/21:16:36,running-time,rs-000349-vvfnw,68873e4b-57cc-4ba7-951a-c713f6a8bd72,2,3769.532373
2026/01/26/21:16:36,apply-time,rs-000350-86dz8,bade301c-a645-4aa5-8801-456b46042444,4,3769.532373
2026/01/26/21:16:36,running-time,rs-000350-86dz8,bade301c-a645-4aa5-8801-456b46042444,4,3769.532373
2026/01/26/21:16:36,apply-time,rs-000350-d5kvr,a3e84fde-0d75-4b0f-a2c5-f3bc9682e1c9,4,3769.532373
2026/01/26/21:16:36,running-time,rs-000350-d5kvr,a3e84fde-0d75-4b0f-a2c5-f3bc9682e1c9,4,3769.532373
2026/01/26/21:16:36,apply-time,rs-000350-n99h4,4968b599-ba72-4f26-afa9-7d96e2c6108e,4,3769.532373
2026/01/26/21:16:36,running-time,rs-000350-n99h4,4968b599-ba72-4f26-afa9-7d96e2c6108e,4,3769.532373
2026/01/26/21:16:54,apply-time,rs-000351-cznm4,01d1cdc2-5da2-490c-8eb9-7928699a7077,3,3787.532373
2026/01/26/21:16:54,running-time,rs-000351-cznm4,01d1cdc2-5da2-490c-8eb9-7928699a7077,3,3787.532373
2026/01/26/21:17:12,apply-time,rs-000352-dnh5p,e5bc8e44-6a7c-4971-a545-c5ba2a289ba6,3,3805.532373
2026/01/26/21:17:12,running-time,rs-000352-dnh5p,e5bc8e44-6a7c-4971-a545-c5ba2a289ba6,3,3805.532373
2026/01/26/21:17:12,apply-time,rs-000352-kzkxx,56f5eec7-e531-4f3c-8674-5a56b908aa7f,3,3805.532373
2026/01/26/21:17:12,running-time,rs-000352-kzkxx,56f5eec7-e531-4f3c-8674-5a56b908aa7f,3,3805.532373
2026/01/26/21:17:14,apply-time,rs-000353-4tqvj,00d73ae1-7019-4ce2-ab36-5b2c85867334,2,3807.532373
2026/01/26/21:17:14,running-time,rs-000353-4tqvj,00d73ae1-7019-4ce2-ab36-5b2c85867334,2,3807.532373
2026/01/26/21:17:14,apply-time,rs-000353-cf2tr,fbbee29e-d76f-451b-a6e6-ca8f0c78ad30,2,3807.532373
2026/01/26/21:17:14,running-time,rs-000353-cf2tr,fbbee29e-d76f-451b-a6e6-ca8f0c78ad30,2,3807.532373
2026/01/26/21:17:14,apply-time,rs-000354-j2g84,4ee570f8-ee5b-4ce4-bd7d-9125b3f605da,4,3807.532373
2026/01/26/21:17:14,running-time,rs-000354-j2g84,4ee570f8-ee5b-4ce4-bd7d-9125b3f605da,4,3807.532373
2026/01/26/21:17:14,apply-time,rs-000354-vlnqx,849af2bf-6e0f-48e1-a6f0-58ba295e19c8,4,3807.532373
2026/01/26/21:17:14,running-time,rs-000354-vlnqx,849af2bf-6e0f-48e1-a6f0-58ba295e19c8,4,3807.532373
2026/01/26/21:17:14,apply-time,rs-000354-zgmf7,fdf7c03e-c447-4605-b351-73a7893133c7,4,3807.532373
2026/01/26/21:17:14,running-time,rs-000354-zgmf7,fdf7c03e-c447-4605-b351-73a7893133c7,4,3807.532373
2026/01/26/21:17:51,apply-time,rs-000355-s2dnx,7191e5ce-203c-4622-bd26-28ccb91a11a7,2,3844.532373
2026/01/26/21:17:51,running-time,rs-000355-s2dnx,7191e5ce-203c-4622-bd26-28ccb91a11a7,2,3844.532373
2026/01/26/21:17:51,apply-time,rs-000356-vh89w,7f10938e-d864-4f73-b1db-abd1956e5014,1,3844.532373
2026/01/26/21:17:51,running-time,rs-000356-vh89w,7f10938e-d864-4f73-b1db-abd1956e5014,1,3844.532373
2026/01/26/21:17:51,apply-time,rs-000356-wxgql,f6cfa507-3792-4aba-887d-2bfa82b8aa06,1,3844.532373
2026/01/26/21:17:51,running-time,rs-000356-wxgql,f6cfa507-3792-4aba-887d-2bfa82b8aa06,1,3844.532373
2026/01/26/21:17:51,apply-time,rs-000357-fjsh7,65e63446-21b4-4023-856e-7af985015a92,2,3844.532373
2026/01/26/21:17:51,running-time,rs-000357-fjsh7,65e63446-21b4-4023-856e-7af985015a92,2,3844.532373
2026/01/26/21:18:25,apply-time,rs-000335-z4d4z,8086f03a-2299-4156-91af-1c166e134179,1,3878.532373
2026/01/26/21:18:25,apply-time,rs-000342-t5586,55f31bd3-baac-4bfe-9f8f-fd0e49225cf6,1,3878.532373
2026/01/26/21:18:26,running-time,rs-000335-z4d4z,8086f03a-2299-4156-91af-1c166e134179,1,3879.532373
2026/01/26/21:18:26,running-time,rs-000342-t5586,55f31bd3-baac-4bfe-9f8f-fd0e49225cf6,1,3879.532373
2026/01/26/21:20:02,apply-time,rs-000358-4z8hx,7fd5c490-f2d3-492b-b67b-825f38826327,1,3975.532373
2026/01/26/21:20:02,running-time,rs-000358-4z8hx,7fd5c490-f2d3-492b-b67b-825f38826327,1,3975.532373
2026/01/26/21:20:02,apply-time,rs-000358-6kx7f,f345abdd-3b4a-4e3e-8ff7-9fdd3e968657,1,3975.532373
2026/01/26/21:20:03,running-time,rs-000358-6kx7f,f345abdd-3b4a-4e3e-8ff7-9fdd3e968657,1,3976.532373
2026/01/26/21:20:03,apply-time,rs-000359-glctx,83f75c9e-2e6a-41ae-a62c-f4d5c9456bc0,2,3976.532373
2026/01/26/21:20:03,running-time,rs-000359-glctx,83f75c9e-2e6a-41ae-a62c-f4d5c9456bc0,2,3976.532373
2026/01/26/21:20:03,apply-time,rs-000360-7qnkc,ef1d39a2-64bc-48d1-8074-fa1c7e9f196f,4,3976.532373
2026/01/26/21:20:03,running-time,rs-000360-7qnkc,ef1d39a2-64bc-48d1-8074-fa1c7e9f196f,4,3976.532373
2026/01/26/21:20:03,apply-time,rs-000360-dnmmr,ccebc407-5fd9-42b1-89de-bed968e34f93,4,3976.532373
2026/01/26/21:20:03,running-time,rs-000360-dnmmr,ccebc407-5fd9-42b1-89de-bed968e34f93,4,3976.532373
2026/01/26/21:20:03,apply-time,rs-000360-mnvl7,e82cbba1-7876-40c2-a513-17d91628a6b9,4,3976.532373
2026/01/26/21:20:03,running-time,rs-000360-mnvl7,e82cbba1-7876-40c2-a513-17d91628a6b9,4,3976.532373
2026/01/26/21:20:03,apply-time,rs-000361-222jq,4571d972-bd77-4d05-9a3d-92172ecba4b5,3,3976.532373
2026/01/26/21:20:03,running-time,rs-000361-222jq,4571d972-bd77-4d05-9a3d-92172ecba4b5,3,3976.532373
2026/01/26/21:23:57,apply-time,rs-000362-tp8vw,16fb408d-0ad0-4443-bebe-5908571d2701,2,4210.532373
2026/01/26/21:23:57,running-time,rs-000362-tp8vw,16fb408d-0ad0-4443-bebe-5908571d2701,2,4210.532373
2026/01/26/21:23:57,apply-time,rs-000363-7h8jz,c6c3ba2b-7d98-4ceb-a375-c953bd613243,3,4210.532373
2026/01/26/21:23:57,running-time,rs-000363-7h8jz,c6c3ba2b-7d98-4ceb-a375-c953bd613243,3,4210.532373
2026/01/26/21:23:57,apply-time,rs-000364-fncj6,24c5cb79-a52f-45fa-b731-3521361f346d,1,4210.532373
2026/01/26/21:23:57,running-time,rs-000364-fncj6,24c5cb79-a52f-45fa-b731-3521361f346d,1,4210.532373
2026/01/26/21:23:57,apply-time,rs-000364-mp8qr,8692766b-c0b5-4c94-b037-841a527e4464,1,4210.532373
2026/01/26/21:23:57,running-time,rs-000364-mp8qr,8692766b-c0b5-4c94-b037-841a527e4464,1,4210.532373
2026/01/26/21:28:04,apply-time,rs-000365-p5sjf,b8a64644-18c4-491d-8aea-71cd6a5e493c,2,4457.532373
2026/01/26/21:28:04,running-time,rs-000365-p5sjf,b8a64644-18c4-491d-8aea-71cd6a5e493c,2,4457.532373
2026/01/26/21:28:04,apply-time,rs-000366-q4mrm,f1754cac-07bd-423d-884d-a2aec1b48084,3,4457.532373
2026/01/26/21:28:04,running-time,rs-000366-q4mrm,f1754cac-07bd-423d-884d-a2aec1b48084,3,4457.532373
2026/01/26/21:28:04,apply-time,rs-000367-pkqrs,5834a382-eaa5-4394-afe7-8a44a6b9e641,1,4457.532373
2026/01/26/21:28:04,running-time,rs-000367-pkqrs,5834a382-eaa5-4394-afe7-8a44a6b9e641,1,4457.532373
2026/01/26/21:28:32,apply-time,rs-000368-d4m6z,62a31a7b-21f6-4645-88a2-601ebceb27fb,1,4485.532373
2026/01/26/21:28:32,running-time,rs-000368-d4m6z,62a31a7b-21f6-4645-88a2-601ebceb27fb,1,4485.532373
2026/01/26/21:29:24,apply-time,rs-000369-zbnx2,e6b90620-3eba-466c-881e-f7b8dd333b31,2,4537.532373
2026/01/26/21:29:24,running-time,rs-000369-zbnx2,e6b90620-3eba-466c-881e-f7b8dd333b31,2,4537.532373
2026/01/26/21:29:24,apply-time,rs-000370-6v7ms,00228fc7-1938-4eca-aab1-5d77f0478eb7,3,4537.532373
2026/01/26/21:29:24,running-time,rs-000370-6v7ms,00228fc7-1938-4eca-aab1-5d77f0478eb7,3,4537.532373
2026/01/26/21:29:24,apply-time,rs-000370-kjhb5,a2217047-dae8-4a4c-9635-5670e7b2b15c,3,4537.532373
2026/01/26/21:29:24,running-time,rs-000370-kjhb5,a2217047-dae8-4a4c-9635-5670e7b2b15c,3,4537.532373
2026/01/26/21:29:24,apply-time,rs-000371-b8lr8,493bd3b4-4c79-493d-ad0f-65c19e410959,1,4537.532373
2026/01/26/21:29:24,running-time,rs-000371-b8lr8,493bd3b4-4c79-493d-ad0f-65c19e410959,1,4537.532373
2026/01/26/21:29:24,apply-time,rs-000371-psfzg,ed5b693e-2c33-4b5e-9e86-4a5459a0a125,1,4537.532373
2026/01/26/21:29:24,running-time,rs-000371-psfzg,ed5b693e-2c33-4b5e-9e86-4a5459a0a125,1,4537.532373
2026/01/26/21:29:24,apply-time,rs-000371-xkrxn,e22d8c36-5abd-4ba9-bdc9-6af70b872b1c,1,4537.532373
2026/01/26/21:29:24,running-time,rs-000371-xkrxn,e22d8c36-5abd-4ba9-bdc9-6af70b872b1c,1,4537.532373
2026/01/26/21:29:24,apply-time,rs-000372-49l6j,5b5e1051-13ad-46cd-9344-d06f36f63574,4,4537.532373
2026/01/26/21:29:24,running-time,rs-000372-49l6j,5b5e1051-13ad-46cd-9344-d06f36f63574,4,4537.532373
2026/01/26/21:29:33,apply-time,rs-000373-rwxlc,955b18a4-196f-45cd-807a-d5a17149f970,1,4546.532373
2026/01/26/21:29:33,running-time,rs-000373-rwxlc,955b18a4-196f-45cd-807a-d5a17149f970,1,4546.532373
2026/01/26/21:29:56,apply-time,rs-000374-d6m5n,54d5d2f5-a7d5-4175-813d-4ccd076273cd,1,4569.532373
2026/01/26/21:29:56,running-time,rs-000374-d6m5n,54d5d2f5-a7d5-4175-813d-4ccd076273cd,1,4569.532373
2026/01/26/21:29:56,apply-time,rs-000374-h5qvb,33d7ed3f-0062-4de3-acad-4cd07b6a4b51,1,4569.532373
2026/01/26/21:29:56,running-time,rs-000374-h5qvb,33d7ed3f-0062-4de3-acad-4cd07b6a4b51,1,4569.532373
2026/01/26/21:29:56,apply-time,rs-000374-nlxgc,5dfd21b2-ca01-4ef5-8b73-cd6a65708d39,1,4569.532373
2026/01/26/21:29:56,running-time,rs-000374-nlxgc,5dfd21b2-ca01-4ef5-8b73-cd6a65708d39,1,4569.532373
2026/01/26/21:29:56,apply-time,rs-000375-9k492,fa4c3c9f-6be2-461a-9857-8c41862b3fae,2,4569.532373
2026/01/26/21:29:56,running-time,rs-000375-9k492,fa4c3c9f-6be2-461a-9857-8c41862b3fae,2,4569.532373
2026/01/26/21:29:56,apply-time,rs-000375-jnckv,834897e7-8848-4ae5-b578-f4e5ddb3fff7,2,4569.532373
2026/01/26/21:29:56,running-time,rs-000375-jnckv,834897e7-8848-4ae5-b578-f4e5ddb3fff7,2,4569.532373
2026/01/26/21:29:56,apply-time,rs-000376-l52pr,c72c5684-88ff-46b5-8771-1ea103d69cf9,4,4569.532373
2026/01/26/21:29:56,running-time,rs-000376-l52pr,c72c5684-88ff-46b5-8771-1ea103d69cf9,4,4569.532373
2026/01/26/21:29:56,apply-time,rs-000376-pcplb,fb8f9ac3-5397-4272-9206-c167c33146a9,4,4569.532373
2026/01/26/21:29:56,running-time,rs-000376-pcplb,fb8f9ac3-5397-4272-9206-c167c33146a9,4,4569.532373
2026/01/26/21:29:56,apply-time,rs-000376-tls42,b87a2553-926f-4a9c-9f3a-6e6ce484f97a,4,4569.532373
2026/01/26/21:29:56,running-time,rs-000376-tls42,b87a2553-926f-4a9c-9f3a-6e6ce484f97a,4,4569.532373
2026/01/26/21:29:56,apply-time,rs-000377-cwb47,ad2acdcd-2566-4718-afcf-03832a2ae7ea,1,4569.532373
2026/01/26/21:29:56,running-time,rs-000377-cwb47,ad2acdcd-2566-4718-afcf-03832a2ae7ea,1,4569.532373
2026/01/26/21:30:00,apply-time,rs-000378-8qrnp,7be2e9d4-bb5f-43cc-bf71-5244d21dd495,1,4574.532373
2026/01/26/21:30:00,running-time,rs-000378-8qrnp,7be2e9d4-bb5f-43cc-bf71-5244d21dd495,1,4574.532373
2026/01/26/21:30:00,apply-time,rs-000378-fbfb8,837b0a33-321e-4792-b0ee-16d1fe57405d,1,4574.532373
2026/01/26/21:30:00,running-time,rs-000378-fbfb8,837b0a33-321e-4792-b0ee-16d1fe57405d,1,4574.532373
2026/01/26/21:30:00,apply-time,rs-000378-xhhh9,288f7a6e-858b-4722-993f-8e6dd680a473,1,4574.532373
2026/01/26/21:30:00,running-time,rs-000378-xhhh9,288f7a6e-858b-4722-993f-8e6dd680a473,1,4574.532373
2026/01/26/21:30:00,apply-time,rs-000379-mn6gf,dce5dac0-e888-4742-a536-0bd8c1c1f91a,2,4574.532373
2026/01/26/21:30:00,running-time,rs-000379-mn6gf,dce5dac0-e888-4742-a536-0bd8c1c1f91a,2,4574.532373
2026/01/26/21:30:00,apply-time,rs-000380-5sgr4,4f220b03-e27b-4d4a-a596-e41253a5dd37,3,4574.532373
2026/01/26/21:30:00,apply-time,rs-000380-6wlvq,5ad79111-2612-4d48-9452-bd4d3f6616cb,3,4574.532373
2026/01/26/21:30:00,running-time,rs-000380-6wlvq,5ad79111-2612-4d48-9452-bd4d3f6616cb,3,4574.532373
2026/01/26/21:30:00,apply-time,rs-000380-pksp5,5a0b39e3-1147-47eb-b237-96ff50d12839,3,4574.532373
2026/01/26/21:30:00,apply-time,rs-000381-prbmf,5b83ae85-8b28-468f-b77b-11101e5fef83,1,4574.532373
2026/01/26/21:30:00,running-time,rs-000381-prbmf,5b83ae85-8b28-468f-b77b-11101e5fef83,1,4574.532373
2026/01/26/21:30:00,apply-time,rs-000381-qknkj,d7700889-54e9-467a-a59e-eb192e1384bf,1,4574.532373
2026/01/26/21:30:00,apply-time,rs-000381-tnl7m,65d3cf43-7936-4386-b35f-9fac154eb803,1,4574.532373
2026/01/26/21:30:00,running-time,rs-000381-tnl7m,65d3cf43-7936-4386-b35f-9fac154eb803,1,4574.532373
2026/01/26/21:30:01,running-time,rs-000380-5sgr4,4f220b03-e27b-4d4a-a596-e41253a5dd37,3,4574.532373
2026/01/26/21:30:01,running-time,rs-000380-pksp5,5a0b39e3-1147-47eb-b237-96ff50d12839,3,4574.532373
2026/01/26/21:30:01,running-time,rs-000381-qknkj,d7700889-54e9-467a-a59e-eb192e1384bf,1,4574.532373
2026/01/26/21:31:52,apply-time,rs-000382-26cdw,a929c0c6-e877-4d19-a035-9dd289b59835,4,4685.532373
2026/01/26/21:31:52,running-time,rs-000382-26cdw,a929c0c6-e877-4d19-a035-9dd289b59835,4,4685.532373
2026/01/26/21:31:52,apply-time,rs-000383-7t6h5,781b874f-d41b-46e5-84b9-7902aea1175f,1,4685.532373
2026/01/26/21:31:52,running-time,rs-000383-7t6h5,781b874f-d41b-46e5-84b9-7902aea1175f,1,4685.532373
2026/01/26/21:31:52,apply-time,rs-000383-zbh22,c304a835-541b-4828-b8a2-79acf3e66398,1,4685.532373
2026/01/26/21:31:52,running-time,rs-000383-zbh22,c304a835-541b-4828-b8a2-79acf3e66398,1,4685.532373
2026/01/26/21:31:52,apply-time,rs-000384-j79cs,a4174d3f-649e-4eef-98bf-fe8d10754440,1,4685.532373
2026/01/26/21:31:52,running-time,rs-000384-j79cs,a4174d3f-649e-4eef-98bf-fe8d10754440,1,4685.532373
2026/01/26/21:31:52,apply-time,rs-000384-lw5ks,5a3f0936-894e-48b3-95fc-197c6a76c287,1,4685.532373
2026/01/26/21:31:52,running-time,rs-000384-lw5ks,5a3f0936-894e-48b3-95fc-197c6a76c287,1,4685.532373
2026/01/26/21:31:57,apply-time,rs-000385-5hpq4,72cd9613-a5ad-4e92-9abf-0317737d1ea3,1,4690.532373
2026/01/26/21:31:57,running-time,rs-000385-5hpq4,72cd9613-a5ad-4e92-9abf-0317737d1ea3,1,4690.532373
2026/01/26/21:31:57,apply-time,rs-000385-xjfkj,7500b397-53b5-43ec-a3c8-067395f5b517,1,4690.532373
2026/01/26/21:31:57,running-time,rs-000385-xjfkj,7500b397-53b5-43ec-a3c8-067395f5b517,1,4690.532373
2026/01/26/21:31:57,apply-time,rs-000386-2pfzh,01519d15-52db-40ff-9ca9-5d6cc31c41bc,1,4690.532373
2026/01/26/21:31:57,running-time,rs-000386-2pfzh,01519d15-52db-40ff-9ca9-5d6cc31c41bc,1,4690.532373
2026/01/26/21:31:57,apply-time,rs-000387-vqsxn,cd0555e2-8484-4362-812f-eac50502d7d8,3,4690.532373
2026/01/26/21:31:57,running-time,rs-000387-vqsxn,cd0555e2-8484-4362-812f-eac50502d7d8,3,4690.532373
2026/01/26/21:31:57,apply-time,rs-000388-r7zzf,975e7f79-0beb-4b1c-a5ab-40ac3a527e68,2,4691.532373
2026/01/26/21:31:57,running-time,rs-000388-r7zzf,975e7f79-0beb-4b1c-a5ab-40ac3a527e68,2,4691.532373
2026/01/26/21:31:59,apply-time,rs-000389-fbbg5,2353ca1c-3696-4472-8cc9-6b5450a2a268,2,4692.532373
2026/01/26/21:31:59,running-time,rs-000389-fbbg5,2353ca1c-3696-4472-8cc9-6b5450a2a268,2,4692.532373
2026/01/26/21:31:59,apply-time,rs-000390-k65hb,75d11c78-e7f0-4284-b3d5-f649de8a0389,3,4692.532373
2026/01/26/21:31:59,running-time,rs-000390-k65hb,75d11c78-e7f0-4284-b3d5-f649de8a0389,3,4692.532373
2026/01/26/21:31:59,apply-time,rs-000391-89575,f2b5ed09-d27f-4886-b5b2-55b63a9d74b7,3,4692.532373
2026/01/26/21:31:59,running-time,rs-000391-89575,f2b5ed09-d27f-4886-b5b2-55b63a9d74b7,3,4692.532373
2026/01/26/21:31:59,apply-time,rs-000391-m4tzz,99043c5b-7c2a-4aa7-ad9f-3963be15bcaf,3,4692.532373
2026/01/26/21:31:59,running-time,rs-000391-m4tzz,99043c5b-7c2a-4aa7-ad9f-3963be15bcaf,3,4692.532373
2026/01/26/21:31:59,apply-time,rs-000391-nn6tw,1f207c4d-b55a-4b9b-801a-fd0a5364e427,3,4692.532373
2026/01/26/21:31:59,running-time,rs-000391-nn6tw,1f207c4d-b55a-4b9b-801a-fd0a5364e427,3,4692.532373
2026/01/26/21:31:59,apply-time,rs-000392-jb44k,86c8b9d1-9a55-40b3-ab15-cdcf35fd4aa5,1,4692.532373
2026/01/26/21:31:59,apply-time,rs-000393-4vslg,51dff02b-62b2-4814-8b35-ede33d8fafbf,2,4692.532373
2026/01/26/21:31:59,running-time,rs-000393-4vslg,51dff02b-62b2-4814-8b35-ede33d8fafbf,2,4692.532373
2026/01/26/21:31:59,apply-time,rs-000394-4vcrx,7494199a-7cea-409e-865d-5ee5e2b39245,3,4692.532373
2026/01/26/21:31:59,running-time,rs-000394-4vcrx,7494199a-7cea-409e-865d-5ee5e2b39245,3,4692.532373
2026/01/26/21:31:59,apply-time,rs-000394-lstmq,e287be4e-b861-4f4f-9905-0490508ce4fb,3,4692.532373
2026/01/26/21:31:59,running-time,rs-000394-lstmq,e287be4e-b861-4f4f-9905-0490508ce4fb,3,4692.532373
2026/01/26/21:31:59,apply-time,rs-000394-s2jkj,c7d1b163-521e-4876-ad74-407f03be84ad,3,4692.532373
2026/01/26/21:31:59,running-time,rs-000394-s2jkj,c7d1b163-521e-4876-ad74-407f03be84ad,3,4692.532373
2026/01/26/21:31:59,apply-time,rs-000395-kwkqb,17cc9906-7c27-444c-931b-9cf8f09733ca,3,4692.532373
2026/01/26/21:31:59,running-time,rs-000395-kwkqb,17cc9906-7c27-444c-931b-9cf8f09733ca,3,4692.532373
2026/01/26/21:31:59,apply-time,rs-000395-spbzt,b5452cab-5304-4868-9102-5b2937c26213,3,4692.532373
2026/01/26/21:31:59,running-time,rs-000395-spbzt,b5452cab-5304-4868-9102-5b2937c26213,3,4692.532373
2026/01/26/21:31:59,apply-time,rs-000396-z5njj,96d72b2c-fcab-49fd-ae9a-f660681a248d,2,4693.532373
2026/01/26/21:31:59,running-time,rs-000396-z5njj,96d72b2c-fcab-49fd-ae9a-f660681a248d,2,4693.532373
2026/01/26/21:32:00,apply-time,rs-000397-ct5j9,e59e0c37-0bcd-4c09-9daa-eb92f37c8bf3,3,4693.532373
2026/01/26/21:32:00,running-time,rs-000397-ct5j9,e59e0c37-0bcd-4c09-9daa-eb92f37c8bf3,3,4693.532373
2026/01/26/21:32:00,apply-time,rs-000397-zlklt,c881b811-e2c3-4b18-8a3d-9168a78889ca,3,4693.532373
2026/01/26/21:32:00,running-time,rs-000397-zlklt,c881b811-e2c3-4b18-8a3d-9168a78889ca,3,4693.532373
2026/01/26/21:32:08,apply-time,rs-000398-6bt8h,c4aec6b4-1311-4b4d-b930-331a99ffdd3a,3,4701.532373
2026/01/26/21:32:08,running-time,rs-000398-6bt8h,c4aec6b4-1311-4b4d-b930-331a99ffdd3a,3,4701.532373
2026/01/26/21:32:08,apply-time,rs-000398-xm67z,20a694ab-bfcf-40cc-85ed-3a010343af43,3,4701.532373
2026/01/26/21:32:08,running-time,rs-000398-xm67z,20a694ab-bfcf-40cc-85ed-3a010343af43,3,4701.532373
2026/01/26/21:32:08,apply-time,rs-000399-gsmnd,35364ae0-5984-45cb-ad9c-70dba9c8ecf2,1,4701.532373
2026/01/26/21:32:08,running-time,rs-000399-gsmnd,35364ae0-5984-45cb-ad9c-70dba9c8ecf2,1,4701.532373
2026/01/26/21:32:23,apply-time,rs-000400-4kwpm,c2cbe376-96a5-4600-9f85-cfe974b3605d,1,4716.532373
2026/01/26/21:32:23,running-time,rs-000400-4kwpm,c2cbe376-96a5-4600-9f85-cfe974b3605d,1,4716.532373
2026/01/26/21:32:23,apply-time,rs-000400-lbd5s,7042cd66-b457-428f-b3ab-0206d282f897,1,4716.532373
2026/01/26/21:32:23,running-time,rs-000400-lbd5s,7042cd66-b457-428f-b3ab-0206d282f897,1,4716.532373
2026/01/26/21:32:23,apply-time,rs-000400-whwqj,eb9248a5-7c06-4948-8b6f-e3437d640437,1,4716.532373
2026/01/26/21:32:23,running-time,rs-000400-whwqj,eb9248a5-7c06-4948-8b6f-e3437d640437,1,4716.532373
2026/01/26/21:32:23,apply-time,rs-000401-bcmnh,383a5270-fcef-4677-bbb7-b6e13fdac25d,3,4716.532373
2026/01/26/21:32:23,running-time,rs-000401-bcmnh,383a5270-fcef-4677-bbb7-b6e13fdac25d,3,4716.532373
2026/01/26/21:32:24,apply-time,rs-000402-qj4gr,6d044251-68f5-45d5-81f5-62a378ae727f,1,4717.532373
2026/01/26/21:32:24,running-time,rs-000402-qj4gr,6d044251-68f5-45d5-81f5-62a378ae727f,1,4717.532373
2026/01/26/21:32:24,apply-time,rs-000403-4cdl2,d2e5cbfa-5298-4de7-ab1d-300a7d44dafc,2,4717.532373
2026/01/26/21:32:24,running-time,rs-000403-4cdl2,d2e5cbfa-5298-4de7-ab1d-300a7d44dafc,2,4717.532373
2026/01/26/21:32:24,apply-time,rs-000403-qlbjs,a9031397-9745-49fb-967e-574c41a30125,2,4717.532373
2026/01/26/21:32:24,running-time,rs-000403-qlbjs,a9031397-9745-49fb-967e-574c41a30125,2,4717.532373
2026/01/26/21:32:24,apply-time,rs-000403-tnxpr,8c70f550-a54e-44e4-b6aa-1092f4db0c40,2,4717.532373
2026/01/26/21:32:24,running-time,rs-000403-tnxpr,8c70f550-a54e-44e4-b6aa-1092f4db0c40,2,4717.532373
2026/01/26/21:32:35,apply-time,rs-000404-cqrp6,97c9c093-648d-43c6-8a2e-67cf3cd13cba,4,4728.532373
2026/01/26/21:32:35,running-time,rs-000404-cqrp6,97c9c093-648d-43c6-8a2e-67cf3cd13cba,4,4729.532373
2026/01/26/21:32:35,apply-time,rs-000404-ndgw9,f10ebe0d-f9cf-4772-82eb-cfc15e59f15e,4,4728.532373
2026/01/26/21:32:35,running-time,rs-000404-ndgw9,f10ebe0d-f9cf-4772-82eb-cfc15e59f15e,4,4729.532373
2026/01/26/21:32:35,apply-time,rs-000404-t785f,26a1e072-6182-4746-8785-86859a988232,4,4728.532373
2026/01/26/21:32:35,running-time,rs-000404-t785f,26a1e072-6182-4746-8785-86859a988232,4,4729.532373
2026/01/26/21:32:35,apply-time,rs-000405-js5zl,ebedca70-6777-4c0e-b65e-f844ab094470,2,4729.532373
2026/01/26/21:32:36,running-time,rs-000405-js5zl,ebedca70-6777-4c0e-b65e-f844ab094470,2,4729.532373
2026/01/26/21:32:36,apply-time,rs-000405-qlwbj,ab46f2dc-e9bd-4fd2-977b-b9eb4a32cab9,2,4729.532373
2026/01/26/21:32:36,running-time,rs-000405-qlwbj,ab46f2dc-e9bd-4fd2-977b-b9eb4a32cab9,2,4729.532373
2026/01/26/21:32:36,apply-time,rs-000406-k5csn,0d69f561-b6fc-490e-8041-3a186af1201d,1,4729.532373
2026/01/26/21:32:36,running-time,rs-000406-k5csn,0d69f561-b6fc-490e-8041-3a186af1201d,1,4729.532373
2026/01/26/21:32:36,apply-time,rs-000406-q7wd2,b3e2f647-e3ca-49d9-8bd4-a6ef2d42178a,1,4729.532373
2026/01/26/21:32:36,running-time,rs-000406-q7wd2,b3e2f647-e3ca-49d9-8bd4-a6ef2d42178a,1,4729.532373
2026/01/26/21:32:36,apply-time,rs-000406-wtpqw,9e93d053-5933-4e9d-abac-10eb12c3bc82,1,4729.532373
2026/01/26/21:32:36,running-time,rs-000406-wtpqw,9e93d053-5933-4e9d-abac-10eb12c3bc82,1,4729.532373
2026/01/26/21:32:37,apply-time,rs-000407-bm6zk,228fab33-a141-43e5-bcec-3cf5b3c505f6,1,4730.532373
2026/01/26/21:32:37,running-time,rs-000407-bm6zk,228fab33-a141-43e5-bcec-3cf5b3c505f6,1,4730.532373
2026/01/26/21:32:44,apply-time,rs-000408-g5tbw,6910b156-94c7-45be-87a5-535569c5df36,1,4737.532373
2026/01/26/21:32:44,running-time,rs-000408-g5tbw,6910b156-94c7-45be-87a5-535569c5df36,1,4737.532373
2026/01/26/21:32:44,apply-time,rs-000408-xk48s,5e97edc5-7e0f-4a23-9eb0-5086f7a191be,1,4737.532373
2026/01/26/21:32:44,running-time,rs-000408-xk48s,5e97edc5-7e0f-4a23-9eb0-5086f7a191be,1,4737.532373
2026/01/26/21:32:44,apply-time,rs-000409-2grdp,2d52694f-c893-4418-9cd4-be285be591c6,1,4737.532373
2026/01/26/21:32:44,apply-time,rs-000409-tjxg4,d4d00eaa-bb07-408d-b64a-18a8fcc20cb1,1,4737.532373
2026/01/26/21:32:44,apply-time,rs-000409-vfgsl,46976c2d-421a-4296-b7ee-d4c3fdd20346,1,4737.532373
2026/01/26/21:32:44,apply-time,rs-000410-x8d4h,b30efb24-7fd2-4a54-a476-0a84048cc817,1,4737.532373
2026/01/26/21:32:44,running-time,rs-000410-x8d4h,b30efb24-7fd2-4a54-a476-0a84048cc817,1,4737.532373
2026/01/26/21:33:56,apply-time,rs-000399-v8hss,d1032ab8-80a9-4e66-aeea-07e6e571a41e,1,4809.532373
2026/01/26/21:33:56,running-time,rs-000399-v8hss,d1032ab8-80a9-4e66-aeea-07e6e571a41e,1,4809.532373
2026/01/26/21:33:56,running-time,rs-000409-2grdp,2d52694f-c893-4418-9cd4-be285be591c6,1,4809.532373
2026/01/26/21:33:56,running-time,rs-000409-tjxg4,d4d00eaa-bb07-408d-b64a-18a8fcc20cb1,1,4809.532373
2026/01/26/21:33:56,running-time,rs-000409-vfgsl,46976c2d-421a-4296-b7ee-d4c3fdd20346,1,4809.532373
2026/01/26/21:34:42,apply-time,rs-000409-z5tgj,0110f464-2a3f-4540-80de-d9da8bd7f45a,1,4855.532373
2026/01/26/21:34:42,apply-time,rs-000411-c7vw6,f30d914d-1594-4026-ae17-69f4c5e24307,2,4855.532373
2026/01/26/21:34:42,running-time,rs-000411-c7vw6,f30d914d-1594-4026-ae17-69f4c5e24307,2,4855.532373
2026/01/26/21:34:42,apply-time,rs-000411-d4xwx,683e069c-0cc2-4336-8ef4-c7a0e130546d,2,4855.532373
2026/01/26/21:34:42,running-time,rs-000411-d4xwx,683e069c-0cc2-4336-8ef4-c7a0e130546d,2,4855.532373
2026/01/26/21:34:42,apply-time,rs-000411-rhb9b,98f279d9-ad8e-4e05-b6f6-2115a9760d1a,2,4855.532373
2026/01/26/21:34:42,running-time,rs-000411-rhb9b,98f279d9-ad8e-4e05-b6f6-2115a9760d1a,2,4855.532373
2026/01/26/21:34:42,apply-time,rs-000412-kjczg,c49576f6-b913-4a85-9d22-3c83e9e8d6c0,2,4855.532373
2026/01/26/21:34:42,running-time,rs-000412-kjczg,c49576f6-b913-4a85-9d22-3c83e9e8d6c0,2,4855.532373
2026/01/26/21:34:42,apply-time,rs-000412-rwpvx,1c2ed429-e2aa-4663-a280-8fdbfe95c22a,2,4855.532373
2026/01/26/21:34:42,running-time,rs-000412-rwpvx,1c2ed429-e2aa-4663-a280-8fdbfe95c22a,2,4855.532373
2026/01/26/21:34:43,apply-time,rs-000413-6h98n,4dcb4f23-34b5-4aba-b86b-c61dfbbb7d0a,2,4856.532373
2026/01/26/21:34:43,running-time,rs-000413-6h98n,4dcb4f23-34b5-4aba-b86b-c61dfbbb7d0a,2,4856.532373
2026/01/26/21:34:53,running-time,rs-000409-z5tgj,0110f464-2a3f-4540-80de-d9da8bd7f45a,1,4866.532373
2026/01/26/21:34:58,apply-time,rs-000414-qfcfk,904fb17e-9881-46ce-96d3-44e45a9301aa,1,4871.532373
2026/01/26/21:34:58,running-time,rs-000414-qfcfk,904fb17e-9881-46ce-96d3-44e45a9301aa,1,4871.532373
2026/01/26/21:34:58,apply-time,rs-000414-sn8j4,bb31f873-6c67-4f6e-b918-59a238341ab6,1,4871.532373
2026/01/26/21:34:58,running-time,rs-000414-sn8j4,bb31f873-6c67-4f6e-b918-59a238341ab6,1,4871.532373
2026/01/26/21:35:07,apply-time,rs-000415-n24fk,ff25e725-5064-4bc4-a5be-e1f6ace03a68,3,4880.532373
2026/01/26/21:35:07,running-time,rs-000415-n24fk,ff25e725-5064-4bc4-a5be-e1f6ace03a68,3,4880.532373
2026/01/26/21:35:07,apply-time,rs-000416-9f624,522eeb15-ee6f-4651-af5d-feef0a17cab5,1,4880.532373
2026/01/26/21:35:07,running-time,rs-000416-9f624,522eeb15-ee6f-4651-af5d-feef0a17cab5,1,4880.532373
2026/01/26/21:35:07,apply-time,rs-000416-wx9r4,2d456aee-0263-4f86-b9e4-591e1a1fd2fc,1,4880.532373
2026/01/26/21:35:08,running-time,rs-000416-wx9r4,2d456aee-0263-4f86-b9e4-591e1a1fd2fc,1,4880.532373
2026/01/26/21:35:08,apply-time,rs-000417-8r988,b8087edd-ccb8-4824-806b-672f63c8a1d0,2,4881.532373
2026/01/26/21:35:08,running-time,rs-000417-8r988,b8087edd-ccb8-4824-806b-672f63c8a1d0,2,4881.532373
2026/01/26/21:35:26,apply-time,rs-000418-8zkb8,f9823c05-422a-4f8b-873e-463f7eac5b73,2,4898.532373
2026/01/26/21:35:26,running-time,rs-000418-8zkb8,f9823c05-422a-4f8b-873e-463f7eac5b73,2,4899.532373
2026/01/26/21:35:34,apply-time,rs-000419-4gzqp,9aef2353-3ada-48c8-b1c3-a33c0fa186de,2,4907.532373
2026/01/26/21:35:34,running-time,rs-000419-4gzqp,9aef2353-3ada-48c8-b1c3-a33c0fa186de,2,4907.532373
2026/01/26/21:35:34,apply-time,rs-000419-jcl5b,85c8b74e-fcb8-46f8-9ea9-e5fd1a13b1ff,2,4907.532373
2026/01/26/21:35:34,running-time,rs-000419-jcl5b,85c8b74e-fcb8-46f8-9ea9-e5fd1a13b1ff,2,4907.532373
2026/01/26/21:35:34,apply-time,rs-000419-tgmmh,92e03b0b-1062-4da9-b7b9-419b316edb85,2,4907.532373
2026/01/26/21:35:34,running-time,rs-000419-tgmmh,92e03b0b-1062-4da9-b7b9-419b316edb85,2,4907.532373
2026/01/26/21:35:34,apply-time,rs-000420-mv88v,926cac1f-81b6-41ad-82df-f350cc7ac3cb,1,4907.532373
2026/01/26/21:35:34,running-time,rs-000420-mv88v,926cac1f-81b6-41ad-82df-f350cc7ac3cb,1,4907.532373
2026/01/26/21:35:34,apply-time,rs-000421-4ctgm,bafe6cbc-3b9a-49a7-ac4b-5a8c136714a9,2,4907.532373
2026/01/26/21:35:34,running-time,rs-000421-4ctgm,bafe6cbc-3b9a-49a7-ac4b-5a8c136714a9,2,4907.532373
2026/01/26/21:35:34,apply-time,rs-000421-c4fvq,c2e5a5af-d65f-4f66-8368-95f8af639294,2,4907.532373
2026/01/26/21:35:34,running-time,rs-000421-c4fvq,c2e5a5af-d65f-4f66-8368-95f8af639294,2,4907.532373
2026/01/26/21:35:34,apply-time,rs-000421-cj4b6,1b061614-f07f-42c5-a700-a012cd5b883e,2,4907.532373
2026/01/26/21:35:34,running-time,rs-000421-cj4b6,1b061614-f07f-42c5-a700-a012cd5b883e,2,4907.532373
2026/01/26/21:35:34,apply-time,rs-000422-c9ntn,048a56da-3d7a-4792-bdc6-331c7283ece5,1,4907.532373
2026/01/26/21:35:34,running-time,rs-000422-c9ntn,048a56da-3d7a-4792-bdc6-331c7283ece5,1,4907.532373
2026/01/26/21:35:34,apply-time,rs-000422-fdgbf,012040e4-3671-47e3-bf9f-795c6274ba4a,1,4907.532373
2026/01/26/21:35:34,running-time,rs-000422-fdgbf,012040e4-3671-47e3-bf9f-795c6274ba4a,1,4907.532373
2026/01/26/21:35:34,apply-time,rs-000422-g4nk9,448af24d-9da5-4cad-a548-5590293f2b5f,1,4907.532373
2026/01/26/21:35:34,running-time,rs-000422-g4nk9,448af24d-9da5-4cad-a548-5590293f2b5f,1,4907.532373
2026/01/26/21:35:40,apply-time,rs-000423-wsrnk,5483eca0-0fc9-4632-acab-d3253ab8d9c0,1,4913.532373
2026/01/26/21:35:40,running-time,rs-000423-wsrnk,5483eca0-0fc9-4632-acab-d3253ab8d9c0,1,4913.532373
2026/01/26/21:35:40,apply-time,rs-000424-gxbqt,a8f6cabd-5608-408d-8b09-12aea4c43010,1,4913.532373
2026/01/26/21:35:40,running-time,rs-000424-gxbqt,a8f6cabd-5608-408d-8b09-12aea4c43010,1,4913.532373
2026/01/26/21:35:40,apply-time,rs-000424-l99s7,466faf36-4202-4617-aaa8-34033f10a1a4,1,4913.532373
2026/01/26/21:35:40,apply-time,rs-000424-mbpd9,6bc2d515-a7ac-4add-8438-3844a1b440a4,1,4913.532373
2026/01/26/21:35:40,apply-time,rs-000425-nbw8p,2287c648-e47c-4775-bd70-a5abdf5f5d9c,3,4913.532373
2026/01/26/21:35:40,running-time,rs-000425-nbw8p,2287c648-e47c-4775-bd70-a5abdf5f5d9c,3,4913.532373
2026/01/26/21:35:40,apply-time,rs-000425-ppcxd,d7847c9c-02d1-4aab-8e85-ffaeb0f54068,3,4913.532373
2026/01/26/21:35:40,running-time,rs-000425-ppcxd,d7847c9c-02d1-4aab-8e85-ffaeb0f54068,3,4913.532373
2026/01/26/21:35:40,apply-time,rs-000426-ww4jz,f57ba5c4-9c3e-4f95-8109-3ebc71086558,1,4913.532373
2026/01/26/21:35:40,running-time,rs-000426-ww4jz,f57ba5c4-9c3e-4f95-8109-3ebc71086558,1,4913.532373
2026/01/26/21:35:40,apply-time,rs-000427-jkd47,785dc684-3aa5-4925-8008-cf5a55c664dd,3,4913.532373
2026/01/26/21:35:40,running-time,rs-000427-jkd47,785dc684-3aa5-4925-8008-cf5a55c664dd,3,4913.532373
2026/01/26/21:35:45,running-time,rs-000424-l99s7,466faf36-4202-4617-aaa8-34033f10a1a4,1,4918.532373
2026/01/26/21:35:45,running-time,rs-000424-mbpd9,6bc2d515-a7ac-4add-8438-3844a1b440a4,1,4918.532373
2026/01/26/21:37:03,apply-time,rs-000410-cmnh2,3d5a64f1-a56c-443f-9c66-023f0dc84455,1,4996.532373
2026/01/26/21:37:03,apply-time,rs-000428-ncjs6,8a1ef183-7976-4738-879c-9429029f5995,4,4996.532373
2026/01/26/21:37:03,running-time,rs-000428-ncjs6,8a1ef183-7976-4738-879c-9429029f5995,4,4996.532373
2026/01/26/21:37:03,apply-time,rs-000428-tnbvf,63768a93-9816-4c6b-98e2-f03e07d3c320,4,4996.532373
2026/01/26/21:37:03,running-time,rs-000428-tnbvf,63768a93-9816-4c6b-98e2-f03e07d3c320,4,4996.532373
2026/01/26/21:37:03,apply-time,rs-000429-jdkgc,b01e7bdb-6f9d-485b-b349-d3be4531aed2,3,4996.532373
2026/01/26/21:37:03,running-time,rs-000429-jdkgc,b01e7bdb-6f9d-485b-b349-d3be4531aed2,3,4996.532373
2026/01/26/21:37:03,apply-time,rs-000429-qwwhf,a276baac-3d2d-4c97-8291-5ccaf196c800,3,4996.532373
2026/01/26/21:37:03,running-time,rs-000429-qwwhf,a276baac-3d2d-4c97-8291-5ccaf196c800,3,4996.532373
2026/01/26/21:37:03,apply-time,rs-000429-x9fzh,3750c514-a1bd-4be1-9a36-1231203a1f0c,3,4996.532373
2026/01/26/21:37:03,running-time,rs-000429-x9fzh,3750c514-a1bd-4be1-9a36-1231203a1f0c,3,4996.532373
2026/01/26/21:37:03,apply-time,rs-000430-d9pgj,66af5f44-d28b-4d59-bcce-ce80ceac2733,2,4996.532373
2026/01/26/21:37:03,running-time,rs-000430-d9pgj,66af5f44-d28b-4d59-bcce-ce80ceac2733,2,4996.532373
2026/01/26/21:37:03,apply-time,rs-000430-khmvv,adad603a-f1b0-4a79-8dff-7be46efae970,2,4996.532373
2026/01/26/21:37:03,running-time,rs-000430-khmvv,adad603a-f1b0-4a79-8dff-7be46efae970,2,4996.532373
2026/01/26/21:37:04,apply-time,rs-000431-2kwkj,163c3642-3788-4e14-97c6-562ff68685c9,1,4997.532373
2026/01/26/21:37:04,apply-time,rs-000431-9bvw8,fcee9e1b-a50c-44a5-9830-b224d74be3fe,1,4997.532373
2026/01/26/21:37:04,apply-time,rs-000431-ssrlh,03226912-5e2a-4888-8bca-0f7f48c09e50,1,4997.532373
2026/01/26/21:37:06,running-time,rs-000410-cmnh2,3d5a64f1-a56c-443f-9c66-023f0dc84455,1,4999.532373
2026/01/26/21:37:06,running-time,rs-000431-9bvw8,fcee9e1b-a50c-44a5-9830-b224d74be3fe,1,4999.532373
2026/01/26/21:37:29,apply-time,rs-000432-6hjps,29d9ff2a-d43d-4550-a82b-9f2e89498507,2,5022.532373
2026/01/26/21:37:29,running-time,rs-000432-6hjps,29d9ff2a-d43d-4550-a82b-9f2e89498507,2,5022.532373
2026/01/26/21:37:29,apply-time,rs-000432-q89xs,f71f785b-b0ca-4b8f-95c9-27228a0de2f0,2,5022.532373
2026/01/26/21:37:29,running-time,rs-000432-q89xs,f71f785b-b0ca-4b8f-95c9-27228a0de2f0,2,5022.532373
2026/01/26/21:37:41,running-time,rs-000431-2kwkj,163c3642-3788-4e14-97c6-562ff68685c9,1,5033.532373
2026/01/26/21:37:56,apply-time,rs-000424-r2h58,6b3200d6-2a67-4e21-b4e7-3ff6c81086c9,1,5049.532373
2026/01/26/21:37:56,running-time,rs-000424-r2h58,6b3200d6-2a67-4e21-b4e7-3ff6c81086c9,1,5049.532373
2026/01/26/21:37:56,apply-time,rs-000431-k9p96,6b74acd2-7775-4fd6-aa28-74426082d9bd,1,5049.532373
2026/01/26/21:37:56,apply-time,rs-000433-9knqf,b0233031-e281-49bd-92af-383a9e348812,3,5048.532373
2026/01/26/21:37:56,running-time,rs-000433-9knqf,b0233031-e281-49bd-92af-383a9e348812,3,5049.532373
2026/01/26/21:37:56,apply-time,rs-000433-bpmwb,94f89e98-7677-413c-ba20-29a12177516b,3,5048.532373
2026/01/26/21:37:56,running-time,rs-000433-bpmwb,94f89e98-7677-413c-ba20-29a12177516b,3,5049.532373
2026/01/26/21:37:56,apply-time,rs-000433-zljhc,86a845b1-b0ab-4131-a18e-d1f266a6ddf8,3,5048.532373
2026/01/26/21:37:56,running-time,rs-000433-zljhc,86a845b1-b0ab-4131-a18e-d1f266a6ddf8,3,5049.532373
2026/01/26/21:37:56,apply-time,rs-000434-lvdq2,c018f3f4-7425-493f-a414-aeabb434840e,4,5049.532373
2026/01/26/21:37:56,running-time,rs-000434-lvdq2,c018f3f4-7425-493f-a414-aeabb434840e,4,5049.532373
2026/01/26/21:37:56,apply-time,rs-000434-srtz2,8f9281df-d328-4b9e-a057-5d1edf4e83f1,4,5049.532373
2026/01/26/21:37:56,running-time,rs-000434-srtz2,8f9281df-d328-4b9e-a057-5d1edf4e83f1,4,5049.532373
2026/01/26/21:37:56,apply-time,rs-000434-xqx2x,87c6afd8-e4c0-42b9-ad00-2496926ed368,4,5049.532373
2026/01/26/21:37:56,running-time,rs-000434-xqx2x,87c6afd8-e4c0-42b9-ad00-2496926ed368,4,5049.532373
2026/01/26/21:37:58,apply-time,rs-000435-nfftz,a221476c-1777-44a0-a7c9-591ab6d034b8,2,5051.532373
2026/01/26/21:37:58,running-time,rs-000435-nfftz,a221476c-1777-44a0-a7c9-591ab6d034b8,2,5051.532373
2026/01/26/21:37:58,apply-time,rs-000436-52fdh,b0a71b49-cfcd-4722-917d-fb31e2f0a77e,2,5051.532373
2026/01/26/21:37:58,running-time,rs-000436-52fdh,b0a71b49-cfcd-4722-917d-fb31e2f0a77e,2,5051.532373
2026/01/26/21:37:58,apply-time,rs-000437-8j6wm,eb206081-27ac-4798-ba46-efd13a7ef478,2,5051.532373
2026/01/26/21:37:58,running-time,rs-000437-8j6wm,eb206081-27ac-4798-ba46-efd13a7ef478,2,5051.532373
2026/01/26/21:37:58,apply-time,rs-000438-p5vcm,615b7944-51af-4d60-b15d-1e792ec1086e,1,5051.532373
2026/01/26/21:37:58,running-time,rs-000438-p5vcm,615b7944-51af-4d60-b15d-1e792ec1086e,1,5051.532373
2026/01/26/21:37:58,apply-time,rs-000438-z8d4p,7c67c0b5-10cb-4019-b341-df4412cfc186,1,5051.532373
2026/01/26/21:37:58,running-time,rs-000438-z8d4p,7c67c0b5-10cb-4019-b341-df4412cfc186,1,5051.532373
2026/01/26/21:37:58,apply-time,rs-000438-zt9pr,01783806-94c6-47a6-a7bb-4b4de04a64e2,1,5051.532373
2026/01/26/21:37:58,running-time,rs-000438-zt9pr,01783806-94c6-47a6-a7bb-4b4de04a64e2,1,5051.532373
2026/01/26/21:37:58,apply-time,rs-000439-pbrmt,08dba28b-3a4a-4f57-96f0-fa27cea4d924,1,5051.532373
2026/01/26/21:37:58,apply-time,rs-000439-wmmfv,2d1affd6-04af-41d3-bc4f-234f7a00d8bc,1,5051.532373
2026/01/26/21:37:58,apply-time,rs-000440-6cqzh,d1514b11-7d1b-4e3f-94f0-3af01d57a46e,4,5051.532373
2026/01/26/21:37:58,apply-time,rs-000441-gcr2w,c23dcdca-5472-43cb-a4c0-5760958a86bc,3,5051.532373
2026/01/26/21:37:59,apply-time,rs-000431-wcmk7,16e8e701-ad03-4a27-a8eb-b924e9e36dcd,1,5052.532373
2026/01/26/21:37:59,running-time,rs-000440-6cqzh,d1514b11-7d1b-4e3f-94f0-3af01d57a46e,4,5051.532373
2026/01/26/21:37:59,apply-time,rs-000440-6fnkx,2ba15d0d-7ae4-4b4a-b374-f94f67f7786e,4,5052.532373
2026/01/26/21:37:59,running-time,rs-000440-6fnkx,2ba15d0d-7ae4-4b4a-b374-f94f67f7786e,4,5052.532373
2026/01/26/21:37:59,apply-time,rs-000440-zvxl2,8ac714ad-4514-4d52-a6fb-4d127d8e191b,4,5052.532373
2026/01/26/21:37:59,running-time,rs-000440-zvxl2,8ac714ad-4514-4d52-a6fb-4d127d8e191b,4,5052.532373
2026/01/26/21:37:59,running-time,rs-000441-gcr2w,c23dcdca-5472-43cb-a4c0-5760958a86bc,3,5051.532373
2026/01/26/21:37:59,apply-time,rs-000441-pn527,1c7928fe-2630-425b-932b-a81db4e99181,3,5052.532373
2026/01/26/21:37:59,running-time,rs-000441-pn527,1c7928fe-2630-425b-932b-a81db4e99181,3,5052.532373
2026/01/26/21:37:59,apply-time,rs-000441-vv66b,26328def-8a5f-4b41-b531-1c55cb19ccdf,3,5052.532373
2026/01/26/21:37:59,running-time,rs-000441-vv66b,26328def-8a5f-4b41-b531-1c55cb19ccdf,3,5052.532373
2026/01/26/21:37:59,apply-time,rs-000442-8zbch,ec9c17c9-9fb7-47ff-b412-ea26263cc58e,2,5052.532373
2026/01/26/21:37:59,running-time,rs-000442-8zbch,ec9c17c9-9fb7-47ff-b412-ea26263cc58e,2,5052.532373
2026/01/26/21:38:19,running-time,rs-000431-wcmk7,16e8e701-ad03-4a27-a8eb-b924e9e36dcd,1,5072.532373
2026/01/26/21:39:05,running-time,rs-000431-k9p96,6b74acd2-7775-4fd6-aa28-74426082d9bd,1,5118.532373
2026/01/26/21:39:05,running-time,rs-000431-ssrlh,03226912-5e2a-4888-8bca-0f7f48c09e50,1,5118.532373
2026/01/26/21:39:46,apply-time,rs-000237-4zhhm,95a05e69-a87c-4473-a331-1e87cf0eaf73,1,5158.532373
2026/01/26/21:39:46,running-time,rs-000237-4zhhm,95a05e69-a87c-4473-a331-1e87cf0eaf73,1,5158.532373
2026/01/26/21:39:46,apply-time,rs-000400-zph7f,0d525f12-5f85-4e53-9c4c-537e13176348,1,5158.532373
2026/01/26/21:39:46,running-time,rs-000400-zph7f,0d525f12-5f85-4e53-9c4c-537e13176348,1,5158.532373
2026/01/26/21:39:46,apply-time,rs-000431-nkfjx,d55fadeb-96da-4e19-b59e-67585024fe73,1,5158.532373
2026/01/26/21:39:46,running-time,rs-000431-nkfjx,d55fadeb-96da-4e19-b59e-67585024fe73,1,5158.532373
2026/01/26/21:40:37,apply-time,rs-000431-c2s2r,3735d309-b708-49bc-9e1f-0d0f46e709ca,1,5210.532373
2026/01/26/21:40:37,apply-time,rs-000443-cmbrb,bcf5d88d-9840-49ce-9346-9a1807c1d86d,1,5210.532373
2026/01/26/21:40:37,running-time,rs-000443-cmbrb,bcf5d88d-9840-49ce-9346-9a1807c1d86d,1,5210.532373
2026/01/26/21:40:37,apply-time,rs-000444-t5xcf,1418741d-e88c-47f6-be9d-1a31be238b07,1,5210.532373
2026/01/26/21:40:37,apply-time,rs-000444-tjvqj,c0d1fcd7-661e-4f75-b3d2-5bea4a20e365,1,5210.532373
2026/01/26/21:40:37,apply-time,rs-000444-vkrtf,99b5be6a-e2c4-4f11-93aa-badc7693923f,1,5210.532373
2026/01/26/21:40:37,apply-time,rs-000445-4jhzl,4b5770fb-63af-43ed-9c47-7162c95dc702,2,5210.532373
2026/01/26/21:40:37,running-time,rs-000445-4jhzl,4b5770fb-63af-43ed-9c47-7162c95dc702,2,5210.532373
2026/01/26/21:40:37,apply-time,rs-000445-g8hwc,cd663661-0f8a-4225-9cd7-ba6c024339ec,2,5210.532373
2026/01/26/21:40:37,running-time,rs-000445-g8hwc,cd663661-0f8a-4225-9cd7-ba6c024339ec,2,5210.532373
2026/01/26/21:40:37,apply-time,rs-000446-6xbrd,1463a233-1c42-46d6-ba9d-aa62d7fbc1b4,2,5210.532373
2026/01/26/21:40:37,running-time,rs-000446-6xbrd,1463a233-1c42-46d6-ba9d-aa62d7fbc1b4,2,5210.532373
2026/01/26/21:40:37,apply-time,rs-000446-fcvtq,de770918-f844-4199-8d8b-c1030902e919,2,5210.532373
2026/01/26/21:40:37,running-time,rs-000446-fcvtq,de770918-f844-4199-8d8b-c1030902e919,2,5210.532373
2026/01/26/21:40:37,apply-time,rs-000447-wlg9h,17a6187a-a3c3-434b-90ea-afeca7af46bb,2,5210.532373
2026/01/26/21:40:38,running-time,rs-000447-wlg9h,17a6187a-a3c3-434b-90ea-afeca7af46bb,2,5210.532373
2026/01/26/21:40:38,apply-time,rs-000448-6wc8l,1bf6dfbc-2566-4f73-a52e-7dab7235de63,2,5210.532373
2026/01/26/21:40:38,running-time,rs-000448-6wc8l,1bf6dfbc-2566-4f73-a52e-7dab7235de63,2,5210.532373
2026/01/26/21:40:38,apply-time,rs-000448-r2hz7,be0de99c-04d8-45a0-b8e2-3f1be47652bb,2,5210.532373
2026/01/26/21:40:38,running-time,rs-000448-r2hz7,be0de99c-04d8-45a0-b8e2-3f1be47652bb,2,5210.532373
2026/01/26/21:40:38,apply-time,rs-000449-fv7qs,e867bff3-58ce-4f44-aef6-01797b7d02d0,1,5210.532373
2026/01/26/21:40:38,running-time,rs-000449-fv7qs,e867bff3-58ce-4f44-aef6-01797b7d02d0,1,5210.532373
2026/01/26/21:40:38,apply-time,rs-000449-rlw7t,a33e19aa-899d-4d17-8efb-0428209b715d,1,5210.532373
2026/01/26/21:40:38,running-time,rs-000449-rlw7t,a33e19aa-899d-4d17-8efb-0428209b715d,1,5210.532373
2026/01/26/21:40:38,apply-time,rs-000450-mkp6n,2ae75408-8f2a-4db1-9bfd-c802a1e10917,2,5210.532373
2026/01/26/21:40:38,running-time,rs-000450-mkp6n,2ae75408-8f2a-4db1-9bfd-c802a1e10917,2,5210.532373
2026/01/26/21:40:38,apply-time,rs-000451-ctrcg,18696b21-25b2-4214-9992-d49dbfb05904,1,5211.532373
2026/01/26/21:40:38,apply-time,rs-000451-wmt68,63bcdeff-f14a-4800-aa15-155755c285df,1,5211.532373
2026/01/26/21:40:38,apply-time,rs-000451-x6c7f,85fea968-5495-4789-82a3-b02505f1d086,1,5210.532373
2026/01/26/21:40:38,running-time,rs-000451-x6c7f,85fea968-5495-4789-82a3-b02505f1d086,1,5210.532373
2026/01/26/21:40:40,apply-time,rs-000431-sjw4b,9c6f998b-a8ff-4d36-8da3-13002519ee6e,1,5213.532373
2026/01/26/21:40:40,running-time,rs-000444-vkrtf,99b5be6a-e2c4-4f11-93aa-badc7693923f,1,5212.532373
2026/01/26/21:40:40,running-time,rs-000451-ctrcg,18696b21-25b2-4214-9992-d49dbfb05904,1,5212.532373
2026/01/26/21:40:40,running-time,rs-000451-wmt68,63bcdeff-f14a-4800-aa15-155755c285df,1,5212.532373
2026/01/26/21:40:40,apply-time,rs-000452-45vpd,90ce49ee-d748-443f-9612-82bb6394aeb6,2,5212.532373
2026/01/26/21:40:40,running-time,rs-000452-45vpd,90ce49ee-d748-443f-9612-82bb6394aeb6,2,5212.532373
2026/01/26/21:40:40,apply-time,rs-000452-zqcj7,6a9234de-c7fc-4c8c-aae5-c9339c232eb8,2,5212.532373
2026/01/26/21:40:40,running-time,rs-000452-zqcj7,6a9234de-c7fc-4c8c-aae5-c9339c232eb8,2,5212.532373
2026/01/26/21:40:40,apply-time,rs-000453-2vzxg,9ceeef93-b832-42c2-8988-9d91b70bbae0,3,5212.532373
2026/01/26/21:40:40,running-time,rs-000453-2vzxg,9ceeef93-b832-42c2-8988-9d91b70bbae0,3,5212.532373
2026/01/26/21:40:40,apply-time,rs-000453-csb5r,8e563271-b797-4ad8-9d42-24e46ae5b0c5,3,5212.532373
2026/01/26/21:40:40,running-time,rs-000453-csb5r,8e563271-b797-4ad8-9d42-24e46ae5b0c5,3,5212.532373
2026/01/26/21:40:41,apply-time,rs-000454-rv4lg,748b0ff8-4c12-4386-a821-46664491002d,2,5213.532373
2026/01/26/21:40:41,running-time,rs-000454-rv4lg,748b0ff8-4c12-4386-a821-46664491002d,2,5213.532373
2026/01/26/21:40:41,apply-time,rs-000454-t87fn,2137ca3d-9a80-42d8-acd3-14e0407efcac,2,5213.532373
2026/01/26/21:40:41,running-time,rs-000454-t87fn,2137ca3d-9a80-42d8-acd3-14e0407efcac,2,5213.532373
2026/01/26/21:40:41,apply-time,rs-000455-6t4gb,81bc0392-a932-47c6-8ec8-3c284b60b3ba,3,5213.532373
2026/01/26/21:40:41,running-time,rs-000455-6t4gb,81bc0392-a932-47c6-8ec8-3c284b60b3ba,3,5213.532373
2026/01/26/21:40:45,running-time,rs-000431-sjw4b,9c6f998b-a8ff-4d36-8da3-13002519ee6e,1,5218.532373
2026/01/26/21:40:45,running-time,rs-000444-t5xcf,1418741d-e88c-47f6-be9d-1a31be238b07,1,5218.532373
2026/01/26/21:40:48,running-time,rs-000431-c2s2r,3735d309-b708-49bc-9e1f-0d0f46e709ca,1,5220.532373
2026/01/26/21:40:50,running-time,rs-000444-tjvqj,c0d1fcd7-661e-4f75-b3d2-5bea4a20e365,1,5223.532373
2026/01/26/21:41:55,apply-time,rs-000237-g64vb,e24ee07c-ba61-4c8a-a253-b3c8ecacfc15,1,5288.532373
2026/01/26/21:41:55,running-time,rs-000237-g64vb,e24ee07c-ba61-4c8a-a253-b3c8ecacfc15,1,5288.532373
2026/01/26/21:41:55,apply-time,rs-000400-h676z,35c2feb3-9d74-4964-b83e-17afa8978f48,1,5288.532373
2026/01/26/21:41:55,running-time,rs-000400-h676z,35c2feb3-9d74-4964-b83e-17afa8978f48,1,5288.532373
2026/01/26/21:42:12,apply-time,rs-000456-7vt4l,4ede4bdc-cb12-4c41-8cd0-9994f19c2aff,1,5304.532373
2026/01/26/21:42:12,running-time,rs-000456-7vt4l,4ede4bdc-cb12-4c41-8cd0-9994f19c2aff,1,5304.532373
2026/01/26/21:42:12,apply-time,rs-000456-x8rjn,71cbffbf-d0af-4e2c-a068-7b63b282314e,1,5304.532373
2026/01/26/21:42:12,running-time,rs-000456-x8rjn,71cbffbf-d0af-4e2c-a068-7b63b282314e,1,5304.532373
2026/01/26/21:42:18,apply-time,rs-000457-n7wk9,f75f1b24-881f-43e8-a73c-f0aac6298d38,1,5310.532373
2026/01/26/21:42:51,running-time,rs-000457-n7wk9,f75f1b24-881f-43e8-a73c-f0aac6298d38,1,5344.532373
2026/01/26/21:43:13,apply-time,rs-000458-f5zn9,1bdb5b0b-81eb-4e18-886a-e777ff756b55,1,5365.532373
2026/01/26/21:43:13,running-time,rs-000458-f5zn9,1bdb5b0b-81eb-4e18-886a-e777ff756b55,1,5365.532373
2026/01/26/21:43:13,apply-time,rs-000458-h59js,3933faf7-5e40-4959-b294-72e022e1c9fc,1,5365.532373
2026/01/26/21:43:13,running-time,rs-000458-h59js,3933faf7-5e40-4959-b294-72e022e1c9fc,1,5365.532373
2026/01/26/21:43:13,apply-time,rs-000458-rbc7x,ba816f35-6f8c-443c-a737-7643619ff2d3,1,5365.532373
2026/01/26/21:43:13,running-time,rs-000458-rbc7x,ba816f35-6f8c-443c-a737-7643619ff2d3,1,5365.532373
2026/01/26/21:43:13,apply-time,rs-000459-2jcn5,95644be7-b1b0-4dc3-808a-b26bf0b517d3,4,5365.532373
2026/01/26/21:43:13,running-time,rs-000459-2jcn5,95644be7-b1b0-4dc3-808a-b26bf0b517d3,4,5365.532373
2026/01/26/21:43:13,apply-time,rs-000459-6bkv5,82a578a9-0448-4ed6-a39e-b2ff5b3ad652,4,5365.532373
2026/01/26/21:43:13,running-time,rs-000459-6bkv5,82a578a9-0448-4ed6-a39e-b2ff5b3ad652,4,5365.532373
2026/01/26/21:43:13,apply-time,rs-000459-v2th5,7f490a1b-95c1-4294-8ecb-c0378f14826b,4,5365.532373
2026/01/26/21:43:13,running-time,rs-000459-v2th5,7f490a1b-95c1-4294-8ecb-c0378f14826b,4,5365.532373
2026/01/26/21:43:57,apply-time,rs-000460-l9n2v,b0b3afd3-a4c4-4c1e-a025-fb73c05e4fe9,4,5409.532373
2026/01/26/21:43:57,running-time,rs-000460-l9n2v,b0b3afd3-a4c4-4c1e-a025-fb73c05e4fe9,4,5409.532373
2026/01/26/21:43:57,apply-time,rs-000460-mkvhq,f9763ef7-68a1-48ea-aab6-25ddf0af7f6d,4,5409.532373
2026/01/26/21:43:57,running-time,rs-000460-mkvhq,f9763ef7-68a1-48ea-aab6-25ddf0af7f6d,4,5409.532373
2026/01/26/21:43:57,apply-time,rs-000460-sw6m7,5c105b51-6f45-4d44-bc34-5ad63a7fc666,4,5409.532373
2026/01/26/21:43:57,running-time,rs-000460-sw6m7,5c105b51-6f45-4d44-bc34-5ad63a7fc666,4,5409.532373
2026/01/26/21:43:58,apply-time,rs-000461-mwx8n,58be3601-d62a-455b-9c60-314ea831ef22,4,5411.532373
2026/01/26/21:43:58,running-time,rs-000461-mwx8n,58be3601-d62a-455b-9c60-314ea831ef22,4,5411.532373
2026/01/26/21:43:58,apply-time,rs-000462-297kp,1e1a4827-0ee9-4de1-b44b-e2cc7f340ad2,3,5411.532373
2026/01/26/21:43:58,running-time,rs-000462-297kp,1e1a4827-0ee9-4de1-b44b-e2cc7f340ad2,3,5411.532373
2026/01/26/21:44:15,apply-time,rs-000463-hznzb,62b56000-f844-486b-84ae-2670e292436d,4,5427.532373
2026/01/26/21:44:15,running-time,rs-000463-hznzb,62b56000-f844-486b-84ae-2670e292436d,4,5427.532373
2026/01/26/21:44:35,apply-time,rs-000464-5lg5w,d11a8d48-b9f3-4e24-8702-372058fd6dd3,3,5447.532373
2026/01/26/21:44:35,running-time,rs-000464-5lg5w,d11a8d48-b9f3-4e24-8702-372058fd6dd3,3,5447.532373
2026/01/26/21:44:35,apply-time,rs-000464-fmzph,1cbe81d3-42d2-46eb-83a9-0cbcdc08bc05,3,5447.532373
2026/01/26/21:44:35,running-time,rs-000464-fmzph,1cbe81d3-42d2-46eb-83a9-0cbcdc08bc05,3,5447.532373
2026/01/26/21:44:35,apply-time,rs-000464-vb6mw,75a5654b-4f50-4f61-ac6c-9b8115a119d8,3,5447.532373
2026/01/26/21:44:35,running-time,rs-000464-vb6mw,75a5654b-4f50-4f61-ac6c-9b8115a119d8,3,5447.532373
2026/01/26/21:44:54,apply-time,rs-000465-nzjgt,9d853865-4405-4d6e-affd-965ba5e6a988,4,5467.532373
2026/01/26/21:44:54,running-time,rs-000465-nzjgt,9d853865-4405-4d6e-affd-965ba5e6a988,4,5467.532373
2026/01/26/21:44:55,apply-time,rs-000466-mwlcq,4be00eda-53c5-4457-98c9-7a8e46b3eb95,4,5467.532373
2026/01/26/21:44:55,running-time,rs-000466-mwlcq,4be00eda-53c5-4457-98c9-7a8e46b3eb95,4,5467.532373
2026/01/26/21:44:55,apply-time,rs-000466-vlmhk,5ded5d45-6090-4a25-a141-d4c92bd63914,4,5467.532373
2026/01/26/21:44:55,running-time,rs-000466-vlmhk,5ded5d45-6090-4a25-a141-d4c92bd63914,4,5467.532373
2026/01/26/21:44:55,apply-time,rs-000467-6tvx4,f3012946-77f7-4c76-a2e7-740532474d2d,1,5467.532373
2026/01/26/21:44:55,apply-time,rs-000467-7p679,167a9e43-af69-491a-b8ba-a8ced9906268,1,5467.532373
2026/01/26/21:44:55,running-time,rs-000467-7p679,167a9e43-af69-491a-b8ba-a8ced9906268,1,5467.532373
2026/01/26/21:44:55,apply-time,rs-000468-8fx67,6e783ae8-c500-4fcc-84d5-23faf2b36d6a,1,5467.532373
2026/01/26/21:44:55,running-time,rs-000468-8fx67,6e783ae8-c500-4fcc-84d5-23faf2b36d6a,1,5467.532373
2026/01/26/21:44:55,apply-time,rs-000468-xwv2s,ee417b83-45fd-4bfd-918c-0a0be8e5a4ba,1,5467.532373
2026/01/26/21:44:55,running-time,rs-000468-xwv2s,ee417b83-45fd-4bfd-918c-0a0be8e5a4ba,1,5467.532373
2026/01/26/21:44:55,apply-time,rs-000469-7lht4,a264dffb-c49b-4b8b-863d-2ee25ec0361a,1,5467.532373
2026/01/26/21:44:55,running-time,rs-000469-7lht4,a264dffb-c49b-4b8b-863d-2ee25ec0361a,1,5467.532373
2026/01/26/21:44:55,apply-time,rs-000469-b2pm8,88f9cbb9-0dc8-4066-ab5f-eb65797ff9e6,1,5467.532373
2026/01/26/21:44:55,running-time,rs-000469-b2pm8,88f9cbb9-0dc8-4066-ab5f-eb65797ff9e6,1,5467.532373
2026/01/26/21:44:55,apply-time,rs-000469-v2h62,e5ba1df2-b007-43e4-bb2d-019e8fc79c93,1,5467.532373
2026/01/26/21:44:55,running-time,rs-000469-v2h62,e5ba1df2-b007-43e4-bb2d-019e8fc79c93,1,5467.532373
2026/01/26/21:44:55,apply-time,rs-000470-5x9fq,a7358891-a5f9-433a-9227-ddf80ca5a743,3,5467.532373
2026/01/26/21:44:55,running-time,rs-000470-5x9fq,a7358891-a5f9-433a-9227-ddf80ca5a743,3,5467.532373
2026/01/26/21:44:55,apply-time,rs-000470-wmdv9,ead5a723-4cc9-448b-ac52-f513a36177d1,3,5467.532373
2026/01/26/21:44:55,running-time,rs-000470-wmdv9,ead5a723-4cc9-448b-ac52-f513a36177d1,3,5467.532373
2026/01/26/21:44:55,apply-time,rs-000471-cz2m9,c9759b83-b14a-4683-8625-46a297588f22,1,5468.532373
2026/01/26/21:44:56,apply-time,rs-000467-qm7jn,91b185ac-21c1-4408-a2f2-cc84b56f1d6c,1,5468.532373
2026/01/26/21:44:56,apply-time,rs-000471-sxtpf,33dc6771-d497-40b3-9921-5aae5ffc8d03,1,5468.532373
2026/01/26/21:44:56,apply-time,rs-000472-bpf79,76ff4e63-a9e8-4681-be21-a4f85cb22834,4,5468.532373
2026/01/26/21:44:56,running-time,rs-000472-bpf79,76ff4e63-a9e8-4681-be21-a4f85cb22834,4,5468.532373
2026/01/26/21:44:56,apply-time,rs-000472-x6qgq,710c4a00-225a-48ff-be35-7433eca2a3bf,4,5468.532373
2026/01/26/21:44:56,running-time,rs-000472-x6qgq,710c4a00-225a-48ff-be35-7433eca2a3bf,4,5468.532373
2026/01/26/21:45:01,apply-time,rs-000469-nhf6r,f1db21b3-ab74-4ed8-9793-c9fad1c25017,1,5474.532373
2026/01/26/21:45:01,running-time,rs-000471-sxtpf,33dc6771-d497-40b3-9921-5aae5ffc8d03,1,5473.532373
2026/01/26/21:45:01,apply-time,rs-000473-hv46t,6c24d6d4-ff8c-4c20-8c50-77c6787d1970,1,5474.532373
2026/01/26/21:45:01,running-time,rs-000473-hv46t,6c24d6d4-ff8c-4c20-8c50-77c6787d1970,1,5474.532373
2026/01/26/21:45:01,apply-time,rs-000473-psq2x,2a5f5666-febc-4064-adc4-e1db9b14bd79,1,5474.532373
2026/01/26/21:45:01,running-time,rs-000473-psq2x,2a5f5666-febc-4064-adc4-e1db9b14bd79,1,5474.532373
2026/01/26/21:45:01,apply-time,rs-000474-bn75s,ab1d5c75-c306-408e-a48a-4e1166bc77ea,2,5474.532373
2026/01/26/21:45:01,apply-time,rs-000475-l6zsc,b819e035-d60b-4bf8-9eed-295f8c15ebbf,2,5474.532373
2026/01/26/21:45:02,apply-time,rs-000237-2dgmf,ec1d1e90-6b30-4c4a-b497-4b962f7b4366,1,5475.532373
2026/01/26/21:45:02,running-time,rs-000469-nhf6r,f1db21b3-ab74-4ed8-9793-c9fad1c25017,1,5474.532373
2026/01/26/21:45:02,apply-time,rs-000471-msqgt,1db37eb2-0d39-4e8b-81f7-e2f8f6b6afd9,1,5474.532373
2026/01/26/21:45:02,running-time,rs-000474-bn75s,ab1d5c75-c306-408e-a48a-4e1166bc77ea,2,5474.532373
2026/01/26/21:45:02,running-time,rs-000475-l6zsc,b819e035-d60b-4bf8-9eed-295f8c15ebbf,2,5474.532373
2026/01/26/21:45:02,apply-time,rs-000476-q2w67,35ce5156-e670-4bc3-ba1f-f4dd20fbe15b,2,5474.532373
2026/01/26/21:45:02,running-time,rs-000476-q2w67,35ce5156-e670-4bc3-ba1f-f4dd20fbe15b,2,5474.532373
2026/01/26/21:45:02,apply-time,rs-000476-slznz,e4a1fcac-1ee7-477e-836e-e6a43f810277,2,5474.532373
2026/01/26/21:45:02,running-time,rs-000476-slznz,e4a1fcac-1ee7-477e-836e-e6a43f810277,2,5474.532373
2026/01/26/21:45:02,apply-time,rs-000476-vj57h,34fe7263-41b7-4c98-9ad7-3ce18afbd72d,2,5474.532373
2026/01/26/21:45:02,running-time,rs-000476-vj57h,34fe7263-41b7-4c98-9ad7-3ce18afbd72d,2,5474.532373
2026/01/26/21:45:02,apply-time,rs-000477-c7lrd,9688bada-6b76-47f0-8158-b7a1481f0869,4,5474.532373
2026/01/26/21:45:02,running-time,rs-000477-c7lrd,9688bada-6b76-47f0-8158-b7a1481f0869,4,5474.532373
2026/01/26/21:45:11,running-time,rs-000237-2dgmf,ec1d1e90-6b30-4c4a-b497-4b962f7b4366,1,5483.532373
2026/01/26/21:45:31,apply-time,rs-000478-m866p,9e2743fa-3dce-4d91-968c-8b72e0855df0,1,5503.532373
2026/01/26/21:45:31,running-time,rs-000478-m866p,9e2743fa-3dce-4d91-968c-8b72e0855df0,1,5503.532373
2026/01/26/21:45:31,apply-time,rs-000479-7glnw,ebeecf42-99b4-45f1-84e3-451c9459593b,4,5503.532373
2026/01/26/21:45:31,running-time,rs-000479-7glnw,ebeecf42-99b4-45f1-84e3-451c9459593b,4,5503.532373
2026/01/26/21:45:31,apply-time,rs-000480-rtfjp,1c66ef95-4d55-4fce-81c4-a9343ceda362,1,5503.532373
2026/01/26/21:45:31,running-time,rs-000480-rtfjp,1c66ef95-4d55-4fce-81c4-a9343ceda362,1,5503.532373
2026/01/26/21:46:03,apply-time,rs-000481-z8qcb,31f3a78d-06c1-4ef9-8833-c80396b5c2e4,4,5535.532373
2026/01/26/21:46:03,running-time,rs-000481-z8qcb,31f3a78d-06c1-4ef9-8833-c80396b5c2e4,4,5535.532373
2026/01/26/21:46:04,apply-time,rs-000443-xppdh,324b8898-4a74-4ae7-b114-28e5b0fe9731,1,5536.532373
2026/01/26/21:46:04,running-time,rs-000443-xppdh,324b8898-4a74-4ae7-b114-28e5b0fe9731,1,5536.532373
2026/01/26/21:46:04,apply-time,rs-000444-c6tn4,df3b05c4-962c-4fbc-9c56-e2534a9f7f83,1,5536.532373
2026/01/26/21:46:04,running-time,rs-000444-c6tn4,df3b05c4-962c-4fbc-9c56-e2534a9f7f83,1,5537.532373
2026/01/26/21:46:04,apply-time,rs-000482-69m4m,b12058dc-4966-4561-81d9-a94f49d8737e,4,5536.532373
2026/01/26/21:46:04,running-time,rs-000482-69m4m,b12058dc-4966-4561-81d9-a94f49d8737e,4,5536.532373
2026/01/26/21:46:04,apply-time,rs-000482-jgjg2,8886bfcc-9aee-477e-8a94-c468a4477e41,4,5536.532373
2026/01/26/21:46:04,running-time,rs-000482-jgjg2,8886bfcc-9aee-477e-8a94-c468a4477e41,4,5536.532373
2026/01/26/21:46:04,apply-time,rs-000483-24hrb,d165825b-1231-4c61-adc2-9b70d63587a5,3,5536.532373
2026/01/26/21:46:04,running-time,rs-000483-24hrb,d165825b-1231-4c61-adc2-9b70d63587a5,3,5537.532373
2026/01/26/21:46:04,apply-time,rs-000483-fdzvt,07987ef2-2b17-4807-8a82-1c18016cc3b1,3,5536.532373
2026/01/26/21:46:04,running-time,rs-000483-fdzvt,07987ef2-2b17-4807-8a82-1c18016cc3b1,3,5536.532373
2026/01/26/21:46:04,apply-time,rs-000484-2czrb,1907d0a1-600f-4471-8406-a8ebf3085297,3,5537.532373
2026/01/26/21:46:04,apply-time,rs-000485-hnm5b,6f12670b-e893-4e5b-829a-64479e15222f,4,5537.532373
2026/01/26/21:46:04,running-time,rs-000485-hnm5b,6f12670b-e893-4e5b-829a-64479e15222f,4,5537.532373
2026/01/26/21:46:05,running-time,rs-000484-2czrb,1907d0a1-600f-4471-8406-a8ebf3085297,3,5537.532373
2026/01/26/21:46:05,apply-time,rs-000486-gcfmb,efa8772f-08b9-4703-b186-88beb016da0f,3,5537.532373
2026/01/26/21:46:05,running-time,rs-000486-gcfmb,efa8772f-08b9-4703-b186-88beb016da0f,3,5537.532373
2026/01/26/21:46:05,apply-time,rs-000486-nwnsj,a8a34de0-795b-44e4-8100-89d7cb9470a8,3,5537.532373
2026/01/26/21:46:05,running-time,rs-000486-nwnsj,a8a34de0-795b-44e4-8100-89d7cb9470a8,3,5537.532373
2026/01/26/21:46:05,apply-time,rs-000487-9tfgw,ccb2c6c2-5c2e-4e35-b86d-382fa3863606,4,5537.532373
2026/01/26/21:46:05,running-time,rs-000487-9tfgw,ccb2c6c2-5c2e-4e35-b86d-382fa3863606,4,5537.532373
2026/01/26/21:46:05,apply-time,rs-000487-js7x4,2b6017cc-01c5-4ae1-9700-a69d2f570566,4,5537.532373
2026/01/26/21:46:05,running-time,rs-000487-js7x4,2b6017cc-01c5-4ae1-9700-a69d2f570566,4,5537.532373
2026/01/26/21:46:05,apply-time,rs-000488-6zzgc,7939fe24-d04d-4abe-bd10-9d61525529e2,2,5537.532373
2026/01/26/21:46:05,running-time,rs-000488-6zzgc,7939fe24-d04d-4abe-bd10-9d61525529e2,2,5537.532373
2026/01/26/21:46:05,apply-time,rs-000489-gp9sd,a1e814e5-6874-4426-8759-1e6e19bfd469,1,5537.532373
2026/01/26/21:46:06,running-time,rs-000489-gp9sd,a1e814e5-6874-4426-8759-1e6e19bfd469,1,5539.532373
2026/01/26/21:46:06,apply-time,rs-000489-jgkqd,8f7a7752-d02b-4484-924e-57033baa809a,1,5538.532373
2026/01/26/21:46:06,running-time,rs-000489-jgkqd,8f7a7752-d02b-4484-924e-57033baa809a,1,5539.532373
2026/01/26/21:47:36,apply-time,rs-000490-d8jnw,e1e19c36-50df-4712-9c2e-1ec9c1e4b0f3,1,5628.532373
2026/01/26/21:47:36,running-time,rs-000490-d8jnw,e1e19c36-50df-4712-9c2e-1ec9c1e4b0f3,1,5628.532373
2026/01/26/21:47:36,apply-time,rs-000490-x7hzs,dcc769eb-6a79-47d5-8679-bdd7f14b17c3,1,5628.532373
2026/01/26/21:47:36,running-time,rs-000490-x7hzs,dcc769eb-6a79-47d5-8679-bdd7f14b17c3,1,5628.532373
2026/01/26/21:47:36,apply-time,rs-000491-9nb69,b9592ec6-6f41-46f9-8784-55ef750251a3,4,5628.532373
2026/01/26/21:47:36,running-time,rs-000491-9nb69,b9592ec6-6f41-46f9-8784-55ef750251a3,4,5628.532373
2026/01/26/21:47:40,apply-time,rs-000492-sd86w,4be75f67-0e19-46d2-9b97-977926f2c352,2,5632.532373
2026/01/26/21:47:40,running-time,rs-000492-sd86w,4be75f67-0e19-46d2-9b97-977926f2c352,2,5632.532373
2026/01/26/21:47:40,apply-time,rs-000493-8vwns,7f2197b5-d303-46df-a931-9e1d70bb7551,1,5632.532373
2026/01/26/21:47:40,running-time,rs-000493-8vwns,7f2197b5-d303-46df-a931-9e1d70bb7551,1,5632.532373
2026/01/26/21:47:44,apply-time,rs-000494-5lwtc,4bd08f7a-2b5e-4c0c-947e-e2d1f25588a6,4,5636.532373
2026/01/26/21:47:44,running-time,rs-000494-5lwtc,4bd08f7a-2b5e-4c0c-947e-e2d1f25588a6,4,5636.532373
2026/01/26/21:47:44,apply-time,rs-000494-jmchc,834bdb6c-fc7d-4958-8a8e-71aefba353c3,4,5636.532373
2026/01/26/21:47:44,running-time,rs-000494-jmchc,834bdb6c-fc7d-4958-8a8e-71aefba353c3,4,5636.532373
2026/01/26/21:47:46,apply-time,rs-000444-frfzf,8f6fec64-ee5b-4142-924c-3470cd310c12,1,5638.532373
2026/01/26/21:47:46,apply-time,rs-000495-dgvxf,b6f1aff2-def5-4a28-be00-f591c046306c,3,5638.532373
2026/01/26/21:47:46,running-time,rs-000495-dgvxf,b6f1aff2-def5-4a28-be00-f591c046306c,3,5638.532373
2026/01/26/21:47:46,apply-time,rs-000496-gnll6,4adb2469-7634-4050-9662-6fe0bde4050c,1,5638.532373
2026/01/26/21:47:46,running-time,rs-000496-gnll6,4adb2469-7634-4050-9662-6fe0bde4050c,1,5638.532373
2026/01/26/21:47:46,apply-time,rs-000497-575mf,c55db5ac-4db8-482f-b2c1-ca8e546706fc,3,5638.532373
2026/01/26/21:47:46,running-time,rs-000497-575mf,c55db5ac-4db8-482f-b2c1-ca8e546706fc,3,5638.532373
2026/01/26/21:47:46,apply-time,rs-000497-8jn2w,05f4fcae-ed57-457c-92b6-1091ad2ffcee,3,5638.532373
2026/01/26/21:47:46,running-time,rs-000497-8jn2w,05f4fcae-ed57-457c-92b6-1091ad2ffcee,3,5639.532373
2026/01/26/21:47:46,apply-time,rs-000497-zj4ft,ee722e8d-36fb-4e74-b87d-edfd451d534e,3,5638.532373
2026/01/26/21:47:46,running-time,rs-000497-zj4ft,ee722e8d-36fb-4e74-b87d-edfd451d534e,3,5638.532373
2026/01/26/21:47:46,apply-time,rs-000498-5vzhz,5fddd53c-07b2-459c-bc75-2e7779e1b73c,4,5638.532373
2026/01/26/21:47:46,running-time,rs-000498-5vzhz,5fddd53c-07b2-459c-bc75-2e7779e1b73c,4,5638.532373
2026/01/26/21:47:46,apply-time,rs-000499-c5wn4,abdb450c-a4af-421c-ab76-a20d42d17369,2,5639.532373
2026/01/26/21:47:46,apply-time,rs-000500-bh5vk,e1dc34f9-6c0a-45e6-be3e-de3713dfc050,3,5639.532373
2026/01/26/21:47:46,running-time,rs-000500-bh5vk,e1dc34f9-6c0a-45e6-be3e-de3713dfc050,3,5639.532373
2026/01/26/21:47:47,apply-time,rs-000423-sbtnr,5d444910-c0d6-4c2d-bec1-3aaf5684cdde,1,5639.532373
2026/01/26/21:47:47,running-time,rs-000423-sbtnr,5d444910-c0d6-4c2d-bec1-3aaf5684cdde,1,5640.532373
2026/01/26/21:47:47,running-time,rs-000499-c5wn4,abdb450c-a4af-421c-ab76-a20d42d17369,2,5639.532373
2026/01/26/21:47:47,apply-time,rs-000501-qd2vf,cd13dc41-ff92-44d9-b571-8ef49f81a0ae,2,5639.532373
2026/01/26/21:47:47,running-time,rs-000501-qd2vf,cd13dc41-ff92-44d9-b571-8ef49f81a0ae,2,5639.532373
2026/01/26/21:47:47,apply-time,rs-000502-8z8nm,966ccec3-2f8d-48f0-9346-c7e7e54cc5f1,4,5640.532373
2026/01/26/21:47:47,running-time,rs-000502-8z8nm,966ccec3-2f8d-48f0-9346-c7e7e54cc5f1,4,5640.532373
2026/01/26/21:47:47,apply-time,rs-000502-f69np,52416fa8-19ed-4e90-9d07-9e6f748e989e,4,5639.532373
2026/01/26/21:47:47,running-time,rs-000502-f69np,52416fa8-19ed-4e90-9d07-9e6f748e989e,4,5640.532373
2026/01/26/21:47:47,apply-time,rs-000502-tlzbk,b54db875-45b7-4335-9aa6-a0014570c4c6,4,5639.532373
2026/01/26/21:47:47,running-time,rs-000502-tlzbk,b54db875-45b7-4335-9aa6-a0014570c4c6,4,5639.532373
2026/01/26/21:47:48,apply-time,rs-000237-25w9l,fd93e88b-0ed1-4433-be91-85812b910d5f,1,5640.532373
2026/01/26/21:47:48,apply-time,rs-000444-4skkl,fe1e3cbe-9e13-4023-a65e-ea4edb64c73e,1,5640.532373
2026/01/26/21:47:49,running-time,rs-000237-25w9l,fd93e88b-0ed1-4433-be91-85812b910d5f,1,5641.532373
2026/01/26/21:47:50,running-time,rs-000444-4skkl,fe1e3cbe-9e13-4023-a65e-ea4edb64c73e,1,5642.532373
2026/01/26/21:47:50,running-time,rs-000444-frfzf,8f6fec64-ee5b-4142-924c-3470cd310c12,1,5642.532373
2026/01/26/21:48:02,apply-time,rs-000503-qxh25,c7e91f82-54de-4458-ab6b-4dfc3caae009,1,5655.532373
2026/01/26/21:48:02,apply-time,rs-000503-sjdfx,853836f3-0d48-4885-87e4-3238e6d6940a,1,5655.532373
2026/01/26/21:48:02,apply-time,rs-000503-w67dd,5e94bcfc-382e-45e6-b866-be45d8674ecd,1,5655.532373
2026/01/26/21:48:02,running-time,rs-000503-w67dd,5e94bcfc-382e-45e6-b866-be45d8674ecd,1,5655.532373
2026/01/26/21:48:09,running-time,rs-000503-qxh25,c7e91f82-54de-4458-ab6b-4dfc3caae009,1,5661.532373
2026/01/26/21:48:40,apply-time,rs-000504-6lnx5,0a38f47e-f205-45f9-bc01-7b5643c95922,4,5692.532373
2026/01/26/21:48:40,running-time,rs-000504-6lnx5,0a38f47e-f205-45f9-bc01-7b5643c95922,4,5692.532373
2026/01/26/21:48:40,apply-time,rs-000504-pxjcp,fad9f2db-2c5d-4540-b7e2-55f9bc5940d8,4,5692.532373
2026/01/26/21:48:40,running-time,rs-000504-pxjcp,fad9f2db-2c5d-4540-b7e2-55f9bc5940d8,4,5692.532373
2026/01/26/21:48:40,apply-time,rs-000504-zpjvx,7aab5d0d-31c6-4a39-a5de-988446fcb751,4,5692.532373
2026/01/26/21:48:40,running-time,rs-000504-zpjvx,7aab5d0d-31c6-4a39-a5de-988446fcb751,4,5692.532373
2026/01/26/21:48:40,apply-time,rs-000505-5bxn7,7b2f52b7-fbc3-4ee9-8c31-f9a0ebcc5d01,3,5692.532373
2026/01/26/21:48:40,running-time,rs-000505-5bxn7,7b2f52b7-fbc3-4ee9-8c31-f9a0ebcc5d01,3,5692.532373
2026/01/26/21:48:40,apply-time,rs-000505-7qw52,b360d1bf-5fb6-4051-9764-59f20f253d00,3,5692.532373
2026/01/26/21:48:40,running-time,rs-000505-7qw52,b360d1bf-5fb6-4051-9764-59f20f253d00,3,5692.532373
2026/01/26/21:48:40,apply-time,rs-000505-j7wtq,20db506f-aeea-4149-a069-eb125ad53726,3,5692.532373
2026/01/26/21:48:40,running-time,rs-000505-j7wtq,20db506f-aeea-4149-a069-eb125ad53726,3,5692.532373
2026/01/26/21:48:41,apply-time,rs-000506-7tlbs,347d56b2-a992-4a9c-a481-e07c92dbaeef,1,5693.532373
2026/01/26/21:48:41,apply-time,rs-000506-fz529,3e08bf85-7a08-4324-b17d-3dda54d96988,1,5693.532373
2026/01/26/21:48:41,apply-time,rs-000507-lvrr6,deec0fec-4271-4e2b-b777-f86db0cad3aa,1,5693.532373
2026/01/26/21:48:41,running-time,rs-000507-lvrr6,deec0fec-4271-4e2b-b777-f86db0cad3aa,1,5693.532373
2026/01/26/21:48:41,apply-time,rs-000507-sz2kg,e968c2d8-3f84-4ca2-9aac-bfa2c7af2ddb,1,5693.532373
2026/01/26/21:48:41,running-time,rs-000507-sz2kg,e968c2d8-3f84-4ca2-9aac-bfa2c7af2ddb,1,5693.532373
2026/01/26/21:48:41,apply-time,rs-000508-dkr2c,273cfb18-5995-466e-85d2-02b3415dd0fc,2,5693.532373
2026/01/26/21:48:41,running-time,rs-000508-dkr2c,273cfb18-5995-466e-85d2-02b3415dd0fc,2,5693.532373
2026/01/26/21:48:41,apply-time,rs-000508-g87km,766d3bcd-7333-4c6d-9476-a4f8e9632c59,2,5693.532373
2026/01/26/21:48:41,running-time,rs-000508-g87km,766d3bcd-7333-4c6d-9476-a4f8e9632c59,2,5693.532373
2026/01/26/21:48:41,apply-time,rs-000508-zc29j,f478b91a-5252-4614-a37e-afddb2eba58d,2,5693.532373
2026/01/26/21:48:41,running-time,rs-000508-zc29j,f478b91a-5252-4614-a37e-afddb2eba58d,2,5693.532373
2026/01/26/21:49:52,apply-time,rs-000424-2l7hk,b1dd25ab-c4b7-4a3c-8ccc-25193f2e3706,1,5764.532373
2026/01/26/21:49:52,running-time,rs-000424-2l7hk,b1dd25ab-c4b7-4a3c-8ccc-25193f2e3706,1,5764.532373
2026/01/26/21:52:14,apply-time,rs-000509-57xpb,0b4df622-d14d-4910-ab61-149800dcb2fc,4,5906.532373
2026/01/26/21:52:14,running-time,rs-000509-57xpb,0b4df622-d14d-4910-ab61-149800dcb2fc,4,5906.532373
2026/01/26/21:52:14,apply-time,rs-000510-6nxht,b7fd396d-1d88-4969-97a3-7d8497607747,4,5906.532373
2026/01/26/21:52:14,running-time,rs-000510-6nxht,b7fd396d-1d88-4969-97a3-7d8497607747,4,5906.532373
2026/01/26/21:52:14,apply-time,rs-000510-8pg9w,632439b1-09f1-478d-bcf6-b97fb4eb2cb7,4,5906.532373
2026/01/26/21:52:14,running-time,rs-000510-8pg9w,632439b1-09f1-478d-bcf6-b97fb4eb2cb7,4,5906.532373
2026/01/26/21:52:14,apply-time,rs-000511-tbw5p,6a1ffeb2-5f5d-4d8d-948d-60f18b05ffcc,1,5906.532373
2026/01/26/21:52:14,running-time,rs-000511-tbw5p,6a1ffeb2-5f5d-4d8d-948d-60f18b05ffcc,1,5906.532373
2026/01/26/21:52:14,apply-time,rs-000512-6z8xs,f2fdaf56-96fe-4013-80a0-5168b25ea00c,3,5906.532373
2026/01/26/21:52:14,running-time,rs-000512-6z8xs,f2fdaf56-96fe-4013-80a0-5168b25ea00c,3,5906.532373
2026/01/26/21:52:14,apply-time,rs-000512-87rpv,38103a0e-2cfd-475d-a0f5-0f530e9d17d7,3,5906.532373
2026/01/26/21:52:14,running-time,rs-000512-87rpv,38103a0e-2cfd-475d-a0f5-0f530e9d17d7,3,5906.532373
2026/01/26/21:52:14,apply-time,rs-000512-fnbzw,d5d8fed0-3a37-4000-b25b-68063704c5f4,3,5906.532373
2026/01/26/21:52:14,running-time,rs-000512-fnbzw,d5d8fed0-3a37-4000-b25b-68063704c5f4,3,5906.532373
2026/01/26/21:52:14,apply-time,rs-000513-dl4jq,af03e61c-8f7e-4cd8-a87c-4bcd46b19ba2,2,5906.532373
2026/01/26/21:52:14,running-time,rs-000513-dl4jq,af03e61c-8f7e-4cd8-a87c-4bcd46b19ba2,2,5906.532373
2026/01/26/21:52:14,apply-time,rs-000514-7rzhq,fc6221c5-a4d0-494b-95dc-7097a4a8ec11,3,5907.532373
2026/01/26/21:52:14,running-time,rs-000514-7rzhq,fc6221c5-a4d0-494b-95dc-7097a4a8ec11,3,5907.532373
2026/01/26/21:52:14,apply-time,rs-000514-frxlr,1d69c94c-5e27-4183-93ee-6b24bc16018f,3,5906.532373
2026/01/26/21:52:14,running-time,rs-000514-frxlr,1d69c94c-5e27-4183-93ee-6b24bc16018f,3,5906.532373
2026/01/26/21:52:14,apply-time,rs-000514-mnq8l,0fa20863-7f90-4e30-9ade-62a2de600f5a,3,5907.532373
2026/01/26/21:52:14,running-time,rs-000514-mnq8l,0fa20863-7f90-4e30-9ade-62a2de600f5a,3,5907.532373
2026/01/26/21:52:25,apply-time,rs-000515-hbtrt,5cba19d0-3bc1-4d97-a9e1-c843f58d7fc8,3,5917.532373
2026/01/26/21:52:25,running-time,rs-000515-hbtrt,5cba19d0-3bc1-4d97-a9e1-c843f58d7fc8,3,5917.532373
2026/01/26/21:52:25,apply-time,rs-000515-s2rl5,333d74b2-1a30-46db-88c3-7ab50da5b663,3,5917.532373
2026/01/26/21:52:25,running-time,rs-000515-s2rl5,333d74b2-1a30-46db-88c3-7ab50da5b663,3,5917.532373
2026/01/26/21:52:25,apply-time,rs-000516-g7dzp,0212d0c8-2045-4c30-ad70-c9c20e3e0c23,4,5917.532373
2026/01/26/21:52:25,running-time,rs-000516-g7dzp,0212d0c8-2045-4c30-ad70-c9c20e3e0c23,4,5917.532373
2026/01/26/21:52:25,apply-time,rs-000517-c2fbh,9283296e-a245-4379-935b-a80d152eaced,4,5918.532373
2026/01/26/21:52:25,running-time,rs-000517-c2fbh,9283296e-a245-4379-935b-a80d152eaced,4,5918.532373
2026/01/26/21:52:25,apply-time,rs-000517-kcv6n,d2611f25-2e6c-42cf-98d3-8a50f8d9f2f6,4,5918.532373
2026/01/26/21:52:25,running-time,rs-000517-kcv6n,d2611f25-2e6c-42cf-98d3-8a50f8d9f2f6,4,5918.532373
2026/01/26/21:52:25,apply-time,rs-000517-xbbfp,57803e8a-d6a3-45ac-9844-8d73dbdcd505,4,5918.532373
2026/01/26/21:52:25,running-time,rs-000517-xbbfp,57803e8a-d6a3-45ac-9844-8d73dbdcd505,4,5918.532373
2026/01/26/21:52:25,apply-time,rs-000518-2t29n,9c440ec1-48d2-4025-b0df-11356b2278b5,2,5918.532373
2026/01/26/21:52:25,running-time,rs-000518-2t29n,9c440ec1-48d2-4025-b0df-11356b2278b5,2,5918.532373
2026/01/26/21:53:14,apply-time,rs-000423-wcfn9,7ee22862-1f4a-4239-a9df-d1bb2d4c4a60,1,5966.532373
2026/01/26/21:53:14,running-time,rs-000423-wcfn9,7ee22862-1f4a-4239-a9df-d1bb2d4c4a60,1,5966.532373
2026/01/26/21:53:14,apply-time,rs-000444-r49s2,cca66925-22ca-4c6a-9ac6-3f6e5f18485b,1,5966.532373
2026/01/26/21:53:14,running-time,rs-000444-r49s2,cca66925-22ca-4c6a-9ac6-3f6e5f18485b,1,5966.532373
2026/01/26/21:53:58,apply-time,rs-000444-s9vvd,9a5fb1c3-f790-428d-a935-0b471b706b29,1,6011.532373
2026/01/26/21:53:58,apply-time,rs-000519-f2vbs,25c483ca-0e4e-41b4-81a3-c14b1ea8862e,1,6010.532373
2026/01/26/21:53:58,running-time,rs-000519-f2vbs,25c483ca-0e4e-41b4-81a3-c14b1ea8862e,1,6010.532373
2026/01/26/21:53:58,apply-time,rs-000520-ddgpt,e184f5c5-1d23-4b50-adf1-f3073dc071bd,2,6010.532373
2026/01/26/21:53:58,running-time,rs-000520-ddgpt,e184f5c5-1d23-4b50-adf1-f3073dc071bd,2,6010.532373
2026/01/26/21:53:58,apply-time,rs-000520-j28f9,de29f878-2c51-4efe-be4a-a3864eeec5c8,2,6010.532373
2026/01/26/21:53:58,running-time,rs-000520-j28f9,de29f878-2c51-4efe-be4a-a3864eeec5c8,2,6010.532373
2026/01/26/21:53:58,apply-time,rs-000521-gbjxn,49b66ae8-d5a2-4ab7-89cd-6feebb0ebdd6,4,6010.532373
2026/01/26/21:53:58,running-time,rs-000521-gbjxn,49b66ae8-d5a2-4ab7-89cd-6feebb0ebdd6,4,6011.532373
2026/01/26/21:53:58,apply-time,rs-000522-b82p6,8b08ab1d-9f7a-4e1e-8cfb-469a9545e667,1,6010.532373
2026/01/26/21:53:58,apply-time,rs-000522-j4lkf,8a9f8430-bf0d-4e30-aa9e-9090b6fb208e,1,6010.532373
2026/01/26/21:53:58,apply-time,rs-000522-vbhmm,23d868ca-db5f-4368-88b9-6df0969016ee,1,6010.532373
2026/01/26/21:53:59,apply-time,rs-000523-77plb,be454f4d-ee19-4fc5-b1a2-2ea9df635475,1,6012.532373
2026/01/26/21:53:59,apply-time,rs-000523-lgbsc,64ac8f58-0424-4cd0-823a-85e88db111cf,1,6012.532373
2026/01/26/21:54:00,running-time,rs-000444-s9vvd,9a5fb1c3-f790-428d-a935-0b471b706b29,1,6012.532373
2026/01/26/21:54:00,running-time,rs-000523-lgbsc,64ac8f58-0424-4cd0-823a-85e88db111cf,1,6012.532373
2026/01/26/21:54:00,apply-time,rs-000524-9cqk4,d73bcee7-1fa4-48f1-948d-3746d28ebeac,3,6012.532373
2026/01/26/21:54:00,running-time,rs-000524-9cqk4,d73bcee7-1fa4-48f1-948d-3746d28ebeac,3,6012.532373
2026/01/26/21:54:00,apply-time,rs-000525-bq7rj,ea217679-e115-4aaf-864a-7ddddcf3061f,1,6012.532373
2026/01/26/21:54:00,running-time,rs-000525-bq7rj,ea217679-e115-4aaf-864a-7ddddcf3061f,1,6012.532373
2026/01/26/21:54:00,apply-time,rs-000525-hcq6k,c3dbbdbc-d6f3-4d94-808a-55943f091222,1,6012.532373
2026/01/26/21:54:00,apply-time,rs-000526-hnk5s,ed1194e1-753f-4e52-b39a-fd46452b8026,1,6012.532373
2026/01/26/21:54:07,running-time,rs-000525-hcq6k,c3dbbdbc-d6f3-4d94-808a-55943f091222,1,6019.532373
2026/01/26/21:54:07,running-time,rs-000526-hnk5s,ed1194e1-753f-4e52-b39a-fd46452b8026,1,6019.532373
2026/01/26/21:54:21,running-time,rs-000523-77plb,be454f4d-ee19-4fc5-b1a2-2ea9df635475,1,6033.532373
2026/01/26/21:55:26,running-time,rs-000522-b82p6,8b08ab1d-9f7a-4e1e-8cfb-469a9545e667,1,6098.532373
2026/01/26/21:55:26,running-time,rs-000522-j4lkf,8a9f8430-bf0d-4e30-aa9e-9090b6fb208e,1,6098.532373
2026/01/26/21:55:26,running-time,rs-000522-vbhmm,23d868ca-db5f-4368-88b9-6df0969016ee,1,6098.532373
2026/01/26/21:56:17,apply-time,rs-000444-gnrzr,e3360528-76c1-40b9-827f-39be8677e39b,1,6149.532373
2026/01/26/21:56:17,running-time,rs-000444-gnrzr,e3360528-76c1-40b9-827f-39be8677e39b,1,6149.532373
2026/01/26/21:56:17,apply-time,rs-000523-dc5jl,9aa21102-4b92-4c3c-a2c0-5499f8e69807,1,6149.532373
2026/01/26/21:56:17,running-time,rs-000523-dc5jl,9aa21102-4b92-4c3c-a2c0-5499f8e69807,1,6149.532373
2026/01/26/21:56:47,apply-time,rs-000522-f7mwz,1df0819c-87ac-4ff8-8214-fdd4d7560a73,1,6179.532373
2026/01/26/21:56:47,apply-time,rs-000527-ctwnp,537b852b-0be5-42af-b85c-8e26527bc73a,4,6179.532373
2026/01/26/21:56:47,running-time,rs-000527-ctwnp,537b852b-0be5-42af-b85c-8e26527bc73a,4,6180.532373
2026/01/26/21:56:47,apply-time,rs-000527-wrvhb,b9583f9f-ddff-47c1-82a0-7bb1d9a2f073,4,6179.532373
2026/01/26/21:56:47,running-time,rs-000527-wrvhb,b9583f9f-ddff-47c1-82a0-7bb1d9a2f073,4,6179.532373
2026/01/26/21:56:47,apply-time,rs-000528-8hhk9,b7873a14-2480-4bfa-accb-66c72bede977,4,6179.532373
2026/01/26/21:56:47,running-time,rs-000528-8hhk9,b7873a14-2480-4bfa-accb-66c72bede977,4,6179.532373
2026/01/26/21:56:47,apply-time,rs-000529-9d6fb,049fda7e-c377-4a03-878a-bbbff44b0647,1,6179.532373
2026/01/26/21:56:47,running-time,rs-000529-9d6fb,049fda7e-c377-4a03-878a-bbbff44b0647,1,6179.532373
2026/01/26/21:56:47,apply-time,rs-000529-k9g7x,f013ff4d-0dd5-471b-a3d9-d6280c356187,1,6179.532373
2026/01/26/21:56:47,running-time,rs-000529-k9g7x,f013ff4d-0dd5-471b-a3d9-d6280c356187,1,6179.532373
2026/01/26/21:56:47,apply-time,rs-000529-ksjkm,ec1fb71d-f6e3-4d1f-b1b1-d7b460245aa3,1,6179.532373
2026/01/26/21:56:47,running-time,rs-000529-ksjkm,ec1fb71d-f6e3-4d1f-b1b1-d7b460245aa3,1,6179.532373
2026/01/26/21:56:47,apply-time,rs-000530-fjn6n,a3eb7fdb-fa09-4e57-8a23-a6ae2174f37c,3,6179.532373
2026/01/26/21:56:47,running-time,rs-000530-fjn6n,a3eb7fdb-fa09-4e57-8a23-a6ae2174f37c,3,6179.532373
2026/01/26/21:56:47,apply-time,rs-000530-tgwz7,5d30fd4b-4084-4090-9449-235848aa02e9,3,6179.532373
2026/01/26/21:56:47,running-time,rs-000530-tgwz7,5d30fd4b-4084-4090-9449-235848aa02e9,3,6179.532373
2026/01/26/21:56:47,apply-time,rs-000530-wb7d4,007fe974-c183-4ab7-987b-91f80a843c6f,3,6179.532373
2026/01/26/21:56:47,running-time,rs-000530-wb7d4,007fe974-c183-4ab7-987b-91f80a843c6f,3,6179.532373
2026/01/26/21:56:47,apply-time,rs-000531-fd5qs,1fb7b6a2-9e2e-4a4d-9d8c-c99163d30931,1,6179.532373
2026/01/26/21:56:48,apply-time,rs-000532-qvdzh,e02377fb-3fee-4e92-b43a-492eb373c593,3,6180.532373
2026/01/26/21:56:48,running-time,rs-000532-qvdzh,e02377fb-3fee-4e92-b43a-492eb373c593,3,6180.532373
2026/01/26/21:56:48,apply-time,rs-000532-wkfqj,42ae19e2-dfe1-4c38-8816-13563245bf60,3,6180.532373
2026/01/26/21:56:48,running-time,rs-000532-wkfqj,42ae19e2-dfe1-4c38-8816-13563245bf60,3,6180.532373
2026/01/26/21:56:48,apply-time,rs-000533-5kl4p,8b0a7127-0242-4ec7-a13c-16351c0da76d,2,6180.532373
2026/01/26/21:56:48,running-time,rs-000533-5kl4p,8b0a7127-0242-4ec7-a13c-16351c0da76d,2,6180.532373
2026/01/26/21:56:48,apply-time,rs-000533-ngglr,f8b52072-0bc2-4bc7-a654-53d6df5673d8,2,6180.532373
2026/01/26/21:56:48,running-time,rs-000533-ngglr,f8b52072-0bc2-4bc7-a654-53d6df5673d8,2,6180.532373
2026/01/26/21:56:48,apply-time,rs-000534-27qz6,b1ae6c45-24e0-460b-9122-a1e6e2fda314,1,6180.532373
2026/01/26/21:56:48,apply-time,rs-000534-t5z66,2c4341c7-8076-4d8b-adf0-2777cf7b1f75,1,6180.532373
2026/01/26/21:56:49,apply-time,rs-000529-dq4jw,58b373c3-82f4-458e-bf45-293453b1313d,1,6181.532373
2026/01/26/21:56:51,apply-time,rs-000535-8mkth,6e5cf5e9-ef6e-4044-b985-b00e962ed7fa,1,6183.532373
2026/01/26/21:56:51,running-time,rs-000535-8mkth,6e5cf5e9-ef6e-4044-b985-b00e962ed7fa,1,6183.532373
2026/01/26/21:56:51,apply-time,rs-000535-c4ksz,8f43c60a-234a-4c57-9faa-aa3818b9daf1,1,6183.532373
2026/01/26/21:56:51,running-time,rs-000535-c4ksz,8f43c60a-234a-4c57-9faa-aa3818b9daf1,1,6183.532373
2026/01/26/21:57:59,apply-time,rs-000154-zlwl7,b350a292-7d3a-421c-aa50-668048ca9a61,1,6252.532373
2026/01/26/21:57:59,running-time,rs-000154-zlwl7,b350a292-7d3a-421c-aa50-668048ca9a61,1,6252.532373
2026/01/26/21:57:59,apply-time,rs-000167-mx8z4,f8edad25-d428-48e4-abfb-a2760d1e84f5,1,6252.532373
2026/01/26/21:57:59,running-time,rs-000167-mx8z4,f8edad25-d428-48e4-abfb-a2760d1e84f5,1,6252.532373
2026/01/26/21:57:59,apply-time,rs-000331-ck22t,4cd0aa2a-1f35-4234-8531-8c4f6bf5de22,1,6252.532373
2026/01/26/21:57:59,running-time,rs-000331-ck22t,4cd0aa2a-1f35-4234-8531-8c4f6bf5de22,1,6252.532373
2026/01/26/21:57:59,apply-time,rs-000385-4g8rg,2eebeb0b-16bf-4ee3-a302-117ce19bcf53,1,6252.532373
2026/01/26/21:57:59,running-time,rs-000385-4g8rg,2eebeb0b-16bf-4ee3-a302-117ce19bcf53,1,6252.532373
2026/01/26/21:57:59,running-time,rs-000522-f7mwz,1df0819c-87ac-4ff8-8214-fdd4d7560a73,1,6252.532373
2026/01/26/21:57:59,running-time,rs-000529-dq4jw,58b373c3-82f4-458e-bf45-293453b1313d,1,6252.532373
2026/01/26/21:57:59,running-time,rs-000531-fd5qs,1fb7b6a2-9e2e-4a4d-9d8c-c99163d30931,1,6252.532373
2026/01/26/21:58:10,apply-time,rs-000385-4fdhz,67fd6d76-1470-4628-aead-865676622dc0,1,6262.532373
2026/01/26/21:58:10,running-time,rs-000385-4fdhz,67fd6d76-1470-4628-aead-865676622dc0,1,6262.532373
2026/01/26/21:58:10,apply-time,rs-000529-jfxmn,ffa15d56-5974-4ac6-b36e-6bee677cddc9,1,6262.532373
2026/01/26/21:58:10,apply-time,rs-000536-552qh,a9cb78bd-5fa0-4080-9e35-4a4c91acc812,4,6262.532373
2026/01/26/21:58:10,running-time,rs-000536-552qh,a9cb78bd-5fa0-4080-9e35-4a4c91acc812,4,6262.532373
2026/01/26/21:58:10,apply-time,rs-000536-55z47,c472c6df-c361-488e-81cf-1e02fd5805f3,4,6262.532373
2026/01/26/21:58:10,running-time,rs-000536-55z47,c472c6df-c361-488e-81cf-1e02fd5805f3,4,6262.532373
2026/01/26/21:58:10,apply-time,rs-000536-pp2t4,00c68531-7535-412c-996b-0158b9b91f97,4,6262.532373
2026/01/26/21:58:10,running-time,rs-000536-pp2t4,00c68531-7535-412c-996b-0158b9b91f97,4,6262.532373
2026/01/26/21:58:10,apply-time,rs-000537-5d8g7,2be8a492-50ad-485c-8823-3d330d9a17f8,2,6262.532373
2026/01/26/21:58:10,running-time,rs-000537-5d8g7,2be8a492-50ad-485c-8823-3d330d9a17f8,2,6262.532373
2026/01/26/21:58:10,apply-time,rs-000537-gdwdc,663a3d3a-58dd-455a-b048-b7aa509948c4,2,6262.532373
2026/01/26/21:58:10,running-time,rs-000537-gdwdc,663a3d3a-58dd-455a-b048-b7aa509948c4,2,6262.532373
2026/01/26/21:58:10,apply-time,rs-000537-xs8zk,5c9d9629-1825-478a-aaa1-08549c80c21f,2,6262.532373
2026/01/26/21:58:10,running-time,rs-000537-xs8zk,5c9d9629-1825-478a-aaa1-08549c80c21f,2,6262.532373
2026/01/26/21:58:12,apply-time,rs-000154-vk72c,6c1b59ad-93c0-4e11-ac88-943db70b7b40,1,6264.532373
2026/01/26/21:58:12,apply-time,rs-000167-mmnv7,fd159481-ed38-4745-ad69-7010929b55ce,1,6264.532373
2026/01/26/21:58:12,apply-time,rs-000531-pt8cp,933d01e3-2763-4008-9732-252f7ce4afc9,1,6264.532373
2026/01/26/21:58:12,running-time,rs-000531-pt8cp,933d01e3-2763-4008-9732-252f7ce4afc9,1,6264.532373
2026/01/26/21:58:12,apply-time,rs-000538-8j2gk,8b0c88a4-e66b-4374-baf4-ccebcc97ae5a,2,6264.532373
2026/01/26/21:58:12,running-time,rs-000538-8j2gk,8b0c88a4-e66b-4374-baf4-ccebcc97ae5a,2,6264.532373
2026/01/26/21:58:12,apply-time,rs-000538-lxsl5,815a453b-bf12-4fbb-9dae-97cd561f3342,2,6264.532373
2026/01/26/21:58:12,running-time,rs-000538-lxsl5,815a453b-bf12-4fbb-9dae-97cd561f3342,2,6264.532373
2026/01/26/21:58:12,apply-time,rs-000539-jqhpb,566bd838-964f-4102-b8fe-8fa45db0f0ce,3,6264.532373
2026/01/26/21:58:12,running-time,rs-000539-jqhpb,566bd838-964f-4102-b8fe-8fa45db0f0ce,3,6264.532373
2026/01/26/21:58:15,running-time,rs-000154-vk72c,6c1b59ad-93c0-4e11-ac88-943db70b7b40,1,6268.532373
2026/01/26/21:58:15,running-time,rs-000529-jfxmn,ffa15d56-5974-4ac6-b36e-6bee677cddc9,1,6268.532373
2026/01/26/21:58:17,apply-time,rs-000540-jkjdb,e55ff7a8-b549-461f-9ea9-89d669cb5034,1,6269.532373
2026/01/26/21:58:17,apply-time,rs-000541-c92v7,dbe6e386-bd08-4b72-bba0-90f1696fa4c9,2,6269.532373
2026/01/26/21:58:17,running-time,rs-000541-c92v7,dbe6e386-bd08-4b72-bba0-90f1696fa4c9,2,6269.532373
2026/01/26/21:58:17,apply-time,rs-000541-wtnzk,5b3215d3-c842-4288-bdc4-cad92e4e9bc8,2,6269.532373
2026/01/26/21:58:17,running-time,rs-000541-wtnzk,5b3215d3-c842-4288-bdc4-cad92e4e9bc8,2,6269.532373
2026/01/26/21:58:37,apply-time,rs-000154-k9b8n,f5ad1bfd-e594-4ab9-9157-b988e1ea5bfb,1,6290.532373
2026/01/26/21:58:37,running-time,rs-000154-k9b8n,f5ad1bfd-e594-4ab9-9157-b988e1ea5bfb,1,6290.532373
2026/01/26/21:58:37,apply-time,rs-000531-xwqdn,b3cf84de-f44c-4634-b745-298fe885447f,1,6290.532373
2026/01/26/21:58:37,apply-time,rs-000542-rhjgx,9d097fbe-2dd7-41f5-ab80-1f8cd29f5da8,3,6290.532373
2026/01/26/21:58:37,running-time,rs-000542-rhjgx,9d097fbe-2dd7-41f5-ab80-1f8cd29f5da8,3,6290.532373
2026/01/26/21:58:37,apply-time,rs-000543-4d9qh,41cd3938-d712-4927-bde4-b10bf09082c2,2,6290.532373
2026/01/26/21:58:37,running-time,rs-000543-4d9qh,41cd3938-d712-4927-bde4-b10bf09082c2,2,6290.532373
2026/01/26/21:58:37,apply-time,rs-000543-ks98n,26f0b551-d7bf-4b63-8f02-b3421dddf1c2,2,6290.532373
2026/01/26/21:58:37,running-time,rs-000543-ks98n,26f0b551-d7bf-4b63-8f02-b3421dddf1c2,2,6290.532373
2026/01/26/21:58:37,apply-time,rs-000543-mvx6c,44a0e7dc-b356-43ac-8706-4cc827705984,2,6290.532373
2026/01/26/21:58:37,running-time,rs-000543-mvx6c,44a0e7dc-b356-43ac-8706-4cc827705984,2,6290.532373
2026/01/26/21:58:37,apply-time,rs-000544-6k26k,b65c3f42-956b-4bf5-9510-2f1e795be507,2,6290.532373
2026/01/26/21:58:37,running-time,rs-000544-6k26k,b65c3f42-956b-4bf5-9510-2f1e795be507,2,6290.532373
2026/01/26/21:58:37,apply-time,rs-000544-9wsv9,038d7caf-5bae-4865-9da7-c3ef29649b8a,2,6290.532373
2026/01/26/21:58:37,running-time,rs-000544-9wsv9,038d7caf-5bae-4865-9da7-c3ef29649b8a,2,6290.532373
2026/01/26/21:58:37,apply-time,rs-000544-qr28k,a58d4588-25f8-485a-a422-3ee00bbad6e1,2,6290.532373
2026/01/26/21:58:37,running-time,rs-000544-qr28k,a58d4588-25f8-485a-a422-3ee00bbad6e1,2,6290.532373
2026/01/26/21:58:38,apply-time,rs-000545-95g89,fec3057d-a6fc-4a65-8fd9-73aee981b85a,1,6291.532373
2026/01/26/21:58:38,running-time,rs-000545-95g89,fec3057d-a6fc-4a65-8fd9-73aee981b85a,1,6291.532373
2026/01/26/21:58:38,apply-time,rs-000545-f2r47,570dcb85-e326-46c2-97cc-6f009388b99e,1,6291.532373
2026/01/26/21:58:38,apply-time,rs-000546-4bczx,f21b7ade-3dea-4383-9e11-29ab74368ddd,3,6291.532373
2026/01/26/21:58:38,running-time,rs-000546-4bczx,f21b7ade-3dea-4383-9e11-29ab74368ddd,3,6291.532373
2026/01/26/21:58:38,apply-time,rs-000546-5wb9f,a37fce9c-c827-4a2b-bc4e-ffcad1845d8f,3,6291.532373
2026/01/26/21:58:38,running-time,rs-000546-5wb9f,a37fce9c-c827-4a2b-bc4e-ffcad1845d8f,3,6291.532373
2026/01/26/21:58:38,apply-time,rs-000547-zm4qq,9c7edf3e-4dd3-4137-8d35-7c2ba3e48b3f,3,6291.532373
2026/01/26/21:58:38,running-time,rs-000547-zm4qq,9c7edf3e-4dd3-4137-8d35-7c2ba3e48b3f,3,6291.532373
2026/01/26/21:58:38,apply-time,rs-000548-gg4q2,e7b1060d-07b2-4f22-a1eb-fdfeb0fa7821,1,6291.532373
2026/01/26/21:58:38,apply-time,rs-000549-zc9b4,8480f348-2504-4078-9a66-b9243a72b1b2,1,6291.532373
2026/01/26/21:58:38,running-time,rs-000549-zc9b4,8480f348-2504-4078-9a66-b9243a72b1b2,1,6291.532373
2026/01/26/21:58:39,apply-time,rs-000522-kjnkf,9f67cc44-39db-4e35-8acc-43b66914b223,1,6292.532373
2026/01/26/21:58:39,apply-time,rs-000522-n9ngq,ff12846e-63a6-4bcc-ad44-0c7043f76ff0,1,6292.532373
2026/01/26/21:58:39,apply-time,rs-000548-dhk5q,2972769b-803a-4369-9450-28f873a66632,1,6292.532373
2026/01/26/21:58:39,running-time,rs-000548-dhk5q,2972769b-803a-4369-9450-28f873a66632,1,6292.532373
2026/01/26/21:58:39,running-time,rs-000548-gg4q2,e7b1060d-07b2-4f22-a1eb-fdfeb0fa7821,1,6291.532373
2026/01/26/21:58:39,apply-time,rs-000548-qdwbw,58c06a71-1036-4419-880c-6c32e13a30c3,1,6291.532373
2026/01/26/21:58:39,running-time,rs-000548-qdwbw,58c06a71-1036-4419-880c-6c32e13a30c3,1,6291.532373
2026/01/26/21:58:39,apply-time,rs-000550-mjqr9,35fb7e3c-0e67-4707-885e-4ec552071855,1,6292.532373
2026/01/26/21:58:39,apply-time,rs-000550-wdm7q,2aeece09-1a3f-4032-9f4f-5231e8cec2a0,1,6292.532373
2026/01/26/21:58:39,apply-time,rs-000552-6d8ph,c044740f-057a-4656-8374-a877477f8561,4,6292.532373
2026/01/26/21:58:39,running-time,rs-000552-6d8ph,c044740f-057a-4656-8374-a877477f8561,4,6292.532373
2026/01/26/21:58:39,apply-time,rs-000553-wzsmc,a1c9d902-1828-44ae-928f-2631f5be5a64,1,6292.532373
2026/01/26/21:58:39,apply-time,rs-000554-rm7rw,e95d07c5-770d-4b0d-8705-0b69561c6fe2,1,6292.532373
2026/01/26/21:58:40,apply-time,rs-000551-4vpln,bf572a69-f82d-47da-862b-1bc2bf12f10a,3,6293.532373
2026/01/26/21:58:40,running-time,rs-000551-4vpln,bf572a69-f82d-47da-862b-1bc2bf12f10a,3,6293.532373
2026/01/26/21:58:40,apply-time,rs-000551-dxhcr,391d898d-1ddc-4ae9-b08e-9b4d6b607dd3,3,6293.532373
2026/01/26/21:58:40,running-time,rs-000551-dxhcr,391d898d-1ddc-4ae9-b08e-9b4d6b607dd3,3,6293.532373
2026/01/26/21:58:40,apply-time,rs-000551-w972l,90a98989-17ba-4ece-8923-4999019d86d5,3,6293.532373
2026/01/26/21:58:40,running-time,rs-000551-w972l,90a98989-17ba-4ece-8923-4999019d86d5,3,6293.532373
2026/01/26/21:58:40,apply-time,rs-000553-24kgz,d883e0f9-0281-422c-8ce2-6340a7fa9e9f,1,6292.532373
2026/01/26/21:58:40,apply-time,rs-000554-4sfhz,980d3e35-335d-4acd-9655-6a48431446ca,1,6292.532373
2026/01/26/21:58:40,apply-time,rs-000554-9t6kh,37ab515b-aae6-434e-b91d-7f1aa38e783c,1,6292.532373
2026/01/26/21:58:40,apply-time,rs-000555-5nlxn,ff295056-639c-4276-8020-f95f2c9cd81f,4,6293.532373
2026/01/26/21:58:40,running-time,rs-000555-5nlxn,ff295056-639c-4276-8020-f95f2c9cd81f,4,6293.532373
2026/01/26/21:58:40,apply-time,rs-000558-k84c2,902048f6-7be1-4a26-b720-d5dc7c4af9c6,1,6293.532373
2026/01/26/21:58:41,apply-time,rs-000522-xkndl,a1c7de91-6a40-422e-9744-f239b5ae5272,1,6294.532373
2026/01/26/21:58:41,apply-time,rs-000548-cq89g,2f4f5cb9-ccd5-4923-b479-769ae7ca9dce,1,6294.532373
2026/01/26/21:58:41,running-time,rs-000548-cq89g,2f4f5cb9-ccd5-4923-b479-769ae7ca9dce,1,6294.532373
2026/01/26/21:58:41,apply-time,rs-000549-9pgf7,00764415-ecd6-49dd-b353-f1916e258683,1,6294.532373
2026/01/26/21:58:41,apply-time,rs-000553-qhvbh,d084f705-ec0a-4059-b882-e8bbb10a3d73,1,6294.532373
2026/01/26/21:58:41,apply-time,rs-000556-c2qjb,e25dc705-84cf-45a4-8a12-f848d70ffb09,1,6293.532373
2026/01/26/21:58:41,apply-time,rs-000556-zbvkx,e6f126ab-25c6-41b3-8ee3-1e5d842c8d0e,1,6294.532373
2026/01/26/21:58:41,apply-time,rs-000557-pq2pr,c6641021-f0a2-4412-a872-82df0c39e4bd,1,6293.532373
2026/01/26/21:58:41,running-time,rs-000557-pq2pr,c6641021-f0a2-4412-a872-82df0c39e4bd,1,6293.532373
2026/01/26/21:58:41,apply-time,rs-000557-sbfg5,ad34e273-dd74-4c2a-9cc5-1339be806f53,1,6294.532373
2026/01/26/21:58:41,running-time,rs-000558-k84c2,902048f6-7be1-4a26-b720-d5dc7c4af9c6,1,6293.532373
2026/01/26/21:58:42,apply-time,rs-000154-2246x,43be3324-aa03-4a52-a282-a3c1f584ba17,1,6294.532373
2026/01/26/21:58:42,running-time,rs-000154-2246x,43be3324-aa03-4a52-a282-a3c1f584ba17,1,6295.532373
2026/01/26/21:58:42,running-time,rs-000522-xkndl,a1c7de91-6a40-422e-9744-f239b5ae5272,1,6295.532373
2026/01/26/21:58:42,running-time,rs-000553-qhvbh,d084f705-ec0a-4059-b882-e8bbb10a3d73,1,6295.532373
2026/01/26/21:58:42,running-time,rs-000556-c2qjb,e25dc705-84cf-45a4-8a12-f848d70ffb09,1,6295.532373
2026/01/26/21:58:42,running-time,rs-000557-sbfg5,ad34e273-dd74-4c2a-9cc5-1339be806f53,1,6295.532373
2026/01/26/21:58:45,running-time,rs-000549-9pgf7,00764415-ecd6-49dd-b353-f1916e258683,1,6298.532373
2026/01/26/21:58:47,running-time,rs-000554-9t6kh,37ab515b-aae6-434e-b91d-7f1aa38e783c,1,6300.532373
2026/01/26/21:58:47,running-time,rs-000556-zbvkx,e6f126ab-25c6-41b3-8ee3-1e5d842c8d0e,1,6299.532373
2026/01/26/21:58:50,running-time,rs-000167-mmnv7,fd159481-ed38-4745-ad69-7010929b55ce,1,6303.532373
2026/01/26/21:58:52,running-time,rs-000553-24kgz,d883e0f9-0281-422c-8ce2-6340a7fa9e9f,1,6305.532373
2026/01/26/21:58:52,running-time,rs-000554-4sfhz,980d3e35-335d-4acd-9655-6a48431446ca,1,6305.532373
2026/01/26/21:58:52,running-time,rs-000554-rm7rw,e95d07c5-770d-4b0d-8705-0b69561c6fe2,1,6305.532373
2026/01/26/21:59:29,running-time,rs-000522-n9ngq,ff12846e-63a6-4bcc-ad44-0c7043f76ff0,1,6341.532373
2026/01/26/22:00:38,running-time,rs-000522-kjnkf,9f67cc44-39db-4e35-8acc-43b66914b223,1,6411.532373
2026/01/26/22:00:38,running-time,rs-000531-xwqdn,b3cf84de-f44c-4634-b745-298fe885447f,1,6411.532373
2026/01/26/22:00:48,apply-time,rs-000559-cvb4q,fce057f0-6715-4007-a22f-b6d40cb299e6,3,6420.532373
2026/01/26/22:00:48,running-time,rs-000559-cvb4q,fce057f0-6715-4007-a22f-b6d40cb299e6,3,6420.532373
2026/01/26/22:00:48,apply-time,rs-000559-xk25w,0bea31b5-c55b-4152-9568-a7cbb1093635,3,6420.532373
2026/01/26/22:00:48,running-time,rs-000559-xk25w,0bea31b5-c55b-4152-9568-a7cbb1093635,3,6420.532373
2026/01/26/22:02:08,apply-time,rs-000522-gctf8,737f19b8-843e-4cc2-8317-e35de70f24ab,1,6501.532373
2026/01/26/22:02:08,apply-time,rs-000522-pw7x4,2ec1c1a3-fef0-4cee-a42a-236a5ae20ddb,1,6501.532373
2026/01/26/22:02:08,apply-time,rs-000560-n5zpm,a067bb84-a700-4ddc-a100-d78fd8e02c8e,2,6501.532373
2026/01/26/22:02:08,apply-time,rs-000560-rnkhc,1a138161-f0a5-48db-87ae-bfbffe7dd1fe,2,6501.532373
2026/01/26/22:02:08,apply-time,rs-000560-snw7v,44e335ef-1d69-4f45-bbc1-536aa30506af,2,6501.532373
2026/01/26/22:02:08,running-time,rs-000560-snw7v,44e335ef-1d69-4f45-bbc1-536aa30506af,2,6501.532373
2026/01/26/22:02:09,running-time,rs-000560-n5zpm,a067bb84-a700-4ddc-a100-d78fd8e02c8e,2,6501.532373
2026/01/26/22:02:09,running-time,rs-000560-rnkhc,1a138161-f0a5-48db-87ae-bfbffe7dd1fe,2,6501.532373
2026/01/26/22:02:11,running-time,rs-000522-gctf8,737f19b8-843e-4cc2-8317-e35de70f24ab,1,6503.532373
2026/01/26/22:02:11,running-time,rs-000522-pw7x4,2ec1c1a3-fef0-4cee-a42a-236a5ae20ddb,1,6503.532373
2026/01/26/22:03:33,apply-time,rs-000561-r4bvk,a6fc9e98-7de4-4845-92d1-66205a7cdcb6,1,6586.532373
2026/01/26/22:03:33,running-time,rs-000561-r4bvk,a6fc9e98-7de4-4845-92d1-66205a7cdcb6,1,6586.532373
2026/01/26/22:03:33,apply-time,rs-000561-w46d4,5923cb3f-a0ff-418f-bb16-f28f03f3c053,1,6586.532373
2026/01/26/22:03:33,apply-time,rs-000562-ppnlh,7eb59346-4aec-4879-9a5d-f1f9d868b142,4,6586.532373
2026/01/26/22:03:33,running-time,rs-000562-ppnlh,7eb59346-4aec-4879-9a5d-f1f9d868b142,4,6586.532373
2026/01/26/22:03:34,running-time,rs-000561-w46d4,5923cb3f-a0ff-418f-bb16-f28f03f3c053,1,6586.532373
2026/01/26/22:03:35,apply-time,rs-000563-j2nrd,fb2612ff-efe4-4d1c-9835-9fdaa0f13d3f,1,6587.532373
2026/01/26/22:03:35,apply-time,rs-000563-zhqmg,12c46434-86a4-488e-96c2-04fc6b157bfd,1,6587.532373
2026/01/26/22:03:39,running-time,rs-000563-zhqmg,12c46434-86a4-488e-96c2-04fc6b157bfd,1,6591.532373
2026/01/26/22:04:13,running-time,rs-000563-j2nrd,fb2612ff-efe4-4d1c-9835-9fdaa0f13d3f,1,6626.532373
2026/01/26/22:04:46,apply-time,rs-000564-2jt4w,c58f4742-6192-4fec-a5cf-aae1a6052b7c,4,6658.532373
2026/01/26/22:04:46,running-time,rs-000564-2jt4w,c58f4742-6192-4fec-a5cf-aae1a6052b7c,4,6659.532373
2026/01/26/22:04:46,apply-time,rs-000564-slh65,c9222909-ab43-46cb-853c-0e0b800620ce,4,6658.532373
2026/01/26/22:04:46,running-time,rs-000564-slh65,c9222909-ab43-46cb-853c-0e0b800620ce,4,6659.532373
2026/01/26/22:04:46,apply-time,rs-000565-7bfbs,fd9ea4cf-9068-4ed4-9e95-3818980323df,2,6659.532373
2026/01/26/22:04:46,running-time,rs-000565-7bfbs,fd9ea4cf-9068-4ed4-9e95-3818980323df,2,6659.532373
2026/01/26/22:04:46,apply-time,rs-000566-qf2jd,9ce8a9ab-912a-498e-b2ed-e7312fe18470,2,6659.532373
2026/01/26/22:04:46,running-time,rs-000566-qf2jd,9ce8a9ab-912a-498e-b2ed-e7312fe18470,2,6659.532373
2026/01/26/22:04:47,apply-time,rs-000563-pdvsn,ee2efd94-552d-4812-8efb-f9dda390197e,1,6660.532373
2026/01/26/22:04:47,apply-time,rs-000563-rfbk6,03519596-cf22-4d65-ac09-006f32bcc8af,1,6660.532373
2026/01/26/22:04:47,apply-time,rs-000567-gxwcb,53ce56a7-0f41-42fb-ab7e-749f376ae819,4,6659.532373
2026/01/26/22:04:47,running-time,rs-000567-gxwcb,53ce56a7-0f41-42fb-ab7e-749f376ae819,4,6660.532373
2026/01/26/22:04:47,apply-time,rs-000568-6lb2z,22f71fd8-7e3b-4cab-bfbb-88eb360b2403,2,6660.532373
2026/01/26/22:04:47,running-time,rs-000568-6lb2z,22f71fd8-7e3b-4cab-bfbb-88eb360b2403,2,6660.532373
2026/01/26/22:04:47,apply-time,rs-000568-7c2pl,f2f9cb1d-0980-4ce4-a477-93cc57b0b959,2,6660.532373
2026/01/26/22:04:47,running-time,rs-000568-7c2pl,f2f9cb1d-0980-4ce4-a477-93cc57b0b959,2,6660.532373
2026/01/26/22:04:47,apply-time,rs-000568-9q4mk,5196977d-17ce-47f8-a8d3-4745190c7107,2,6660.532373
2026/01/26/22:04:47,running-time,rs-000568-9q4mk,5196977d-17ce-47f8-a8d3-4745190c7107,2,6660.532373
2026/01/26/22:04:47,apply-time,rs-000569-l2fjp,f585b2ce-f158-4bd6-8233-c3ef8495287a,1,6660.532373
2026/01/26/22:04:47,running-time,rs-000569-l2fjp,f585b2ce-f158-4bd6-8233-c3ef8495287a,1,6660.532373
2026/01/26/22:04:47,apply-time,rs-000569-pkgxs,3e89c956-4b22-4205-a076-f184d0f1b188,1,6660.532373
2026/01/26/22:04:47,running-time,rs-000569-pkgxs,3e89c956-4b22-4205-a076-f184d0f1b188,1,6660.532373
2026/01/26/22:04:53,running-time,rs-000563-pdvsn,ee2efd94-552d-4812-8efb-f9dda390197e,1,6666.532373
2026/01/26/22:04:53,running-time,rs-000563-rfbk6,03519596-cf22-4d65-ac09-006f32bcc8af,1,6666.532373
2026/01/26/22:05:06,apply-time,rs-000570-4rtxl,b8d112a2-68f1-4ef8-9b51-780b7790cacd,1,6679.532373
2026/01/26/22:05:06,running-time,rs-000570-4rtxl,b8d112a2-68f1-4ef8-9b51-780b7790cacd,1,6679.532373
2026/01/26/22:05:06,apply-time,rs-000570-w9c5s,4ff16123-a965-40ad-ba18-8acf2d420265,1,6679.532373
2026/01/26/22:05:06,running-time,rs-000570-w9c5s,4ff16123-a965-40ad-ba18-8acf2d420265,1,6679.532373
2026/01/26/22:05:06,apply-time,rs-000570-wg529,abb50922-61fa-42a9-9d8f-c14d45bb4a63,1,6679.532373
2026/01/26/22:05:06,running-time,rs-000570-wg529,abb50922-61fa-42a9-9d8f-c14d45bb4a63,1,6679.532373
2026/01/26/22:05:15,apply-time,rs-000571-dl5f9,67ac25de-945c-408b-acd6-423af5c97771,1,6687.532373
2026/01/26/22:05:15,running-time,rs-000571-dl5f9,67ac25de-945c-408b-acd6-423af5c97771,1,6687.532373
2026/01/26/22:05:15,apply-time,rs-000571-m44sb,b952ff12-3503-44da-9719-75ba377a4764,1,6687.532373
2026/01/26/22:05:15,running-time,rs-000571-m44sb,b952ff12-3503-44da-9719-75ba377a4764,1,6687.532373
2026/01/26/22:05:15,apply-time,rs-000571-wcgz7,ca36aa98-4651-4747-bfcc-e07c66fbf40d,1,6687.532373
2026/01/26/22:05:15,running-time,rs-000571-wcgz7,ca36aa98-4651-4747-bfcc-e07c66fbf40d,1,6687.532373
2026/01/26/22:06:15,apply-time,rs-000570-qz9bv,d333adba-80d7-48d0-bb87-c59b2aa8231a,1,6748.532373
2026/01/26/22:06:15,running-time,rs-000570-qz9bv,d333adba-80d7-48d0-bb87-c59b2aa8231a,1,6748.532373
2026/01/26/22:06:15,apply-time,rs-000572-5kl57,16460722-0b11-419f-82ea-66ae65f8fb72,3,6748.532373
2026/01/26/22:06:15,running-time,rs-000572-5kl57,16460722-0b11-419f-82ea-66ae65f8fb72,3,6748.532373
2026/01/26/22:06:16,apply-time,rs-000573-w9mqv,4f457d7c-b78a-45f2-be0d-814a4d523bf0,1,6748.532373
2026/01/26/22:06:16,running-time,rs-000573-w9mqv,4f457d7c-b78a-45f2-be0d-814a4d523bf0,1,6748.532373
2026/01/26/22:06:24,apply-time,rs-000574-jrgdv,25af2f49-1d66-4ec4-8e90-20007664ec2a,1,6757.532373
2026/01/26/22:06:24,apply-time,rs-000574-k8ktk,42bf4e9b-c8e3-4c73-8176-b5e1df28f8af,1,6757.532373
2026/01/26/22:06:24,apply-time,rs-000574-t9tzm,a1a0b396-13cb-4af2-bb6b-3889387dfff8,1,6757.532373
2026/01/26/22:06:24,running-time,rs-000574-t9tzm,a1a0b396-13cb-4af2-bb6b-3889387dfff8,1,6757.532373
2026/01/26/22:06:25,running-time,rs-000574-jrgdv,25af2f49-1d66-4ec4-8e90-20007664ec2a,1,6757.532373
2026/01/26/22:06:25,running-time,rs-000574-k8ktk,42bf4e9b-c8e3-4c73-8176-b5e1df28f8af,1,6757.532373
2026/01/26/22:06:25,apply-time,rs-000575-44nff,044fec70-3eca-4648-854b-80f273270cc7,4,6757.532373
2026/01/26/22:06:25,running-time,rs-000575-44nff,044fec70-3eca-4648-854b-80f273270cc7,4,6757.532373
2026/01/26/22:09:55,apply-time,rs-000576-6gm5m,229359b3-87d9-463c-be5f-f887dabd4ab5,4,6967.532373
2026/01/26/22:09:55,running-time,rs-000576-6gm5m,229359b3-87d9-463c-be5f-f887dabd4ab5,4,6967.532373
2026/01/26/22:10:03,apply-time,rs-000577-wq9nw,4e40f384-0e86-4391-86cc-8ca30003e8dc,1,6975.532373
2026/01/26/22:10:03,running-time,rs-000577-wq9nw,4e40f384-0e86-4391-86cc-8ca30003e8dc,1,6975.532373
2026/01/26/22:10:03,apply-time,rs-000578-crktd,901aef35-8914-4044-a724-45f86754c2ce,1,6975.532373
2026/01/26/22:10:03,running-time,rs-000578-crktd,901aef35-8914-4044-a724-45f86754c2ce,1,6975.532373
2026/01/26/22:10:03,apply-time,rs-000579-dc5qc,5898afe4-3a96-4b38-9540-5d33249f17a8,2,6975.532373
2026/01/26/22:10:03,running-time,rs-000579-dc5qc,5898afe4-3a96-4b38-9540-5d33249f17a8,2,6975.532373
2026/01/26/22:10:03,apply-time,rs-000579-fd4m5,c3f8d155-2a17-47a9-bd2b-f0b9447c0362,2,6975.532373
2026/01/26/22:10:03,running-time,rs-000579-fd4m5,c3f8d155-2a17-47a9-bd2b-f0b9447c0362,2,6975.532373
2026/01/26/22:10:03,apply-time,rs-000579-gw2sg,71a50e62-e2d6-4b39-ba5d-f135e06d0530,2,6975.532373
2026/01/26/22:10:03,running-time,rs-000579-gw2sg,71a50e62-e2d6-4b39-ba5d-f135e06d0530,2,6975.532373
2026/01/26/22:10:03,apply-time,rs-000580-72hdh,0b6cfff4-9263-472d-a38c-6af3a6c2e1dc,1,6975.532373
2026/01/26/22:10:03,running-time,rs-000580-72hdh,0b6cfff4-9263-472d-a38c-6af3a6c2e1dc,1,6976.532373
2026/01/26/22:10:03,apply-time,rs-000580-h6djt,2f131a79-7528-4467-90ab-915231f3792a,1,6975.532373
2026/01/26/22:10:03,running-time,rs-000580-h6djt,2f131a79-7528-4467-90ab-915231f3792a,1,6976.532373
2026/01/26/22:10:15,apply-time,rs-000581-qmxrm,8e6c2491-4782-42cb-aab3-19ebbb457368,4,6987.532373
2026/01/26/22:10:15,running-time,rs-000581-qmxrm,8e6c2491-4782-42cb-aab3-19ebbb457368,4,6987.532373
2026/01/26/22:10:15,apply-time,rs-000582-7d5tr,de6cd85f-45c2-4295-ba80-d854d3b43413,2,6987.532373
2026/01/26/22:10:15,running-time,rs-000582-7d5tr,de6cd85f-45c2-4295-ba80-d854d3b43413,2,6987.532373
2026/01/26/22:10:15,apply-time,rs-000582-d55nx,6473641d-95eb-4256-aad2-d3db44a45f5f,2,6987.532373
2026/01/26/22:10:15,running-time,rs-000582-d55nx,6473641d-95eb-4256-aad2-d3db44a45f5f,2,6987.532373
2026/01/26/22:10:15,apply-time,rs-000582-ljpr6,bbbe6e25-a481-4887-a834-a2bfbecc68da,2,6987.532373
2026/01/26/22:10:15,running-time,rs-000582-ljpr6,bbbe6e25-a481-4887-a834-a2bfbecc68da,2,6987.532373
2026/01/26/22:10:15,apply-time,rs-000583-2dz4w,fce3f789-a5a5-45a5-afc0-e7ea94f8d56b,1,6987.532373
2026/01/26/22:10:15,running-time,rs-000583-2dz4w,fce3f789-a5a5-45a5-afc0-e7ea94f8d56b,1,6987.532373
2026/01/26/22:10:15,apply-time,rs-000583-6t2l5,6500b243-0f4c-472e-b2de-633426d93174,1,6987.532373
2026/01/26/22:10:15,running-time,rs-000583-6t2l5,6500b243-0f4c-472e-b2de-633426d93174,1,6987.532373
2026/01/26/22:10:15,apply-time,rs-000583-fx6ld,78da651f-2352-4d1d-84fc-4200051556c8,1,6987.532373
2026/01/26/22:10:15,running-time,rs-000583-fx6ld,78da651f-2352-4d1d-84fc-4200051556c8,1,6987.532373
2026/01/26/22:10:16,apply-time,rs-000584-t6lbr,e32aeb01-3c40-4006-a479-1b7062ae70ff,2,6988.532373
2026/01/26/22:10:16,running-time,rs-000584-t6lbr,e32aeb01-3c40-4006-a479-1b7062ae70ff,2,6988.532373
2026/01/26/22:10:16,apply-time,rs-000584-wt462,f905cc15-6078-4e03-84ed-62c652e959c6,2,6988.532373
2026/01/26/22:10:16,running-time,rs-000584-wt462,f905cc15-6078-4e03-84ed-62c652e959c6,2,6988.532373
2026/01/26/22:10:16,apply-time,rs-000585-4phbw,e51d8741-b6c9-41d1-aa4d-709af8ff8826,3,6988.532373
2026/01/26/22:10:16,running-time,rs-000585-4phbw,e51d8741-b6c9-41d1-aa4d-709af8ff8826,3,6988.532373
2026/01/26/22:10:16,apply-time,rs-000585-k5qsz,31c36748-6a16-46dc-b91d-d72f0bb89d6b,3,6988.532373
2026/01/26/22:10:16,running-time,rs-000585-k5qsz,31c36748-6a16-46dc-b91d-d72f0bb89d6b,3,6988.532373
2026/01/26/22:10:20,apply-time,rs-000586-cq2qh,b043123f-9476-4c76-9aed-b68965b2e63b,2,6992.532373
2026/01/26/22:10:20,running-time,rs-000586-cq2qh,b043123f-9476-4c76-9aed-b68965b2e63b,2,6992.532373
2026/01/26/22:10:20,apply-time,rs-000587-8mh7p,a0b7913a-5efc-43c2-9b45-ac5496e420ad,2,6992.532373
2026/01/26/22:10:20,running-time,rs-000587-8mh7p,a0b7913a-5efc-43c2-9b45-ac5496e420ad,2,6992.532373
2026/01/26/22:11:28,apply-time,rs-000588-2hjxt,dcbcef35-86c0-4d13-a66d-2039fee29aa7,3,7060.532373
2026/01/26/22:11:28,running-time,rs-000588-2hjxt,dcbcef35-86c0-4d13-a66d-2039fee29aa7,3,7060.532373
2026/01/26/22:11:28,apply-time,rs-000588-5p9kb,8e48c643-e3c3-461e-baf6-3a67e31667b4,3,7060.532373
2026/01/26/22:11:28,running-time,rs-000588-5p9kb,8e48c643-e3c3-461e-baf6-3a67e31667b4,3,7060.532373
2026/01/26/22:11:28,apply-time,rs-000588-rzrpq,47fb204e-a5a9-43b3-b4ef-894de042a968,3,7060.532373
2026/01/26/22:11:28,running-time,rs-000588-rzrpq,47fb204e-a5a9-43b3-b4ef-894de042a968,3,7060.532373
2026/01/26/22:11:28,apply-time,rs-000589-vk9kp,919ff0c3-6372-4a09-a5bd-e680517c0ccf,4,7060.532373
2026/01/26/22:11:28,running-time,rs-000589-vk9kp,919ff0c3-6372-4a09-a5bd-e680517c0ccf,4,7060.532373
2026/01/26/22:11:28,apply-time,rs-000589-zwk9n,9663d7e4-48cf-4479-8ae6-013b4f195f20,4,7060.532373
2026/01/26/22:11:28,running-time,rs-000589-zwk9n,9663d7e4-48cf-4479-8ae6-013b4f195f20,4,7060.532373
2026/01/26/22:11:33,apply-time,rs-000590-6kdtg,2a326e01-0ed8-4250-9118-0a2199143605,4,7065.532373
2026/01/26/22:11:33,running-time,rs-000590-6kdtg,2a326e01-0ed8-4250-9118-0a2199143605,4,7066.532373
2026/01/26/22:11:33,apply-time,rs-000590-j5ww2,2bd7e0d3-e452-41f1-9073-b5dc00838244,4,7065.532373
2026/01/26/22:11:33,running-time,rs-000590-j5ww2,2bd7e0d3-e452-41f1-9073-b5dc00838244,4,7065.532373
2026/01/26/22:11:33,apply-time,rs-000590-sgwtc,ab88ce49-b3d8-463a-8348-0c9d7f0948e9,4,7065.532373
2026/01/26/22:11:33,running-time,rs-000590-sgwtc,ab88ce49-b3d8-463a-8348-0c9d7f0948e9,4,7066.532373
2026/01/26/22:11:33,apply-time,rs-000591-cmjxd,ef2956d2-5b01-451f-ad7d-718bb4d7e28c,2,7065.532373
2026/01/26/22:11:33,running-time,rs-000591-cmjxd,ef2956d2-5b01-451f-ad7d-718bb4d7e28c,2,7065.532373
2026/01/26/22:11:33,apply-time,rs-000591-mj84b,d31fe384-9a3e-456a-8435-3ff8cea47711,2,7065.532373
2026/01/26/22:11:33,running-time,rs-000591-mj84b,d31fe384-9a3e-456a-8435-3ff8cea47711,2,7065.532373
2026/01/26/22:11:33,apply-time,rs-000591-vsmpv,4fd97177-d523-4db5-814d-ab951ff58efa,2,7065.532373
2026/01/26/22:11:33,running-time,rs-000591-vsmpv,4fd97177-d523-4db5-814d-ab951ff58efa,2,7065.532373
2026/01/26/22:11:33,apply-time,rs-000592-v55s4,638b0a95-3d56-4050-853a-3385f0bbd911,2,7066.532373
2026/01/26/22:11:33,running-time,rs-000592-v55s4,638b0a95-3d56-4050-853a-3385f0bbd911,2,7066.532373
2026/01/26/22:11:33,apply-time,rs-000593-8q6kl,3c38e6ed-6909-4f87-a6a1-545d8e334ca5,1,7066.532373
2026/01/26/22:11:33,running-time,rs-000593-8q6kl,3c38e6ed-6909-4f87-a6a1-545d8e334ca5,1,7066.532373
2026/01/26/22:11:33,apply-time,rs-000594-k56lh,6d728405-15dd-4d40-a0b8-32f9d7a9c97f,2,7066.532373
2026/01/26/22:11:33,running-time,rs-000594-k56lh,6d728405-15dd-4d40-a0b8-32f9d7a9c97f,2,7066.532373
2026/01/26/22:11:33,apply-time,rs-000595-k5jzg,035a965e-d5aa-417c-8335-996418e4af68,4,7066.532373
2026/01/26/22:11:33,running-time,rs-000595-k5jzg,035a965e-d5aa-417c-8335-996418e4af68,4,7066.532373
2026/01/26/22:11:34,apply-time,rs-000595-hz8bc,21dd367f-c3b4-4f4c-bdbb-ce2c7757184c,4,7066.532373
2026/01/26/22:11:34,running-time,rs-000595-hz8bc,21dd367f-c3b4-4f4c-bdbb-ce2c7757184c,4,7066.532373
2026/01/26/22:11:34,apply-time,rs-000595-k5vjc,c5fb9b37-480f-490d-8750-45a6708add69,4,7066.532373
2026/01/26/22:11:34,running-time,rs-000595-k5vjc,c5fb9b37-480f-490d-8750-45a6708add69,4,7066.532373
2026/01/26/22:11:34,apply-time,rs-000596-k8qbg,7ece0104-7ce2-469a-9e96-30f5ab0b5dd9,1,7066.532373
2026/01/26/22:11:34,running-time,rs-000596-k8qbg,7ece0104-7ce2-469a-9e96-30f5ab0b5dd9,1,7066.532373
2026/01/26/22:11:34,apply-time,rs-000596-xr5w5,a603bf16-a1d6-4c34-9510-bdab43d77a07,1,7067.532373
2026/01/26/22:11:34,running-time,rs-000596-xr5w5,a603bf16-a1d6-4c34-9510-bdab43d77a07,1,7067.532373
2026/01/26/22:11:34,apply-time,rs-000597-x4fgc,f7000de6-95fc-4b61-9a98-3ec568d20e5f,2,7066.532373
2026/01/26/22:11:34,running-time,rs-000597-x4fgc,f7000de6-95fc-4b61-9a98-3ec568d20e5f,2,7067.532373
2026/01/26/22:11:34,apply-time,rs-000598-psg9c,62f797fc-40d6-4581-b6b1-80561af77f5f,1,7066.532373
2026/01/26/22:11:34,running-time,rs-000598-psg9c,62f797fc-40d6-4581-b6b1-80561af77f5f,1,7067.532373
2026/01/26/22:11:37,apply-time,rs-000599-7pzvd,c954aeff-51e5-4fc5-94fb-dd00d25c9997,1,7069.532373
2026/01/26/22:11:37,running-time,rs-000599-7pzvd,c954aeff-51e5-4fc5-94fb-dd00d25c9997,1,7070.532373
2026/01/26/22:11:37,apply-time,rs-000599-s8klq,785b6e89-8beb-455b-a3a9-978f715e94c2,1,7069.532373
2026/01/26/22:11:37,running-time,rs-000599-s8klq,785b6e89-8beb-455b-a3a9-978f715e94c2,1,7069.532373
2026/01/26/22:11:37,apply-time,rs-000599-vqmzv,034b4531-b9eb-4884-8741-2cc9f6ac29aa,1,7069.532373
2026/01/26/22:11:37,running-time,rs-000599-vqmzv,034b4531-b9eb-4884-8741-2cc9f6ac29aa,1,7070.532373
2026/01/26/22:12:38,apply-time,rs-000600-8q8hw,b5585e0a-3533-4cfe-a070-d0146f4dd5a3,1,7130.532373
2026/01/26/22:12:38,running-time,rs-000600-8q8hw,b5585e0a-3533-4cfe-a070-d0146f4dd5a3,1,7131.532373
2026/01/26/22:12:38,apply-time,rs-000600-jc4mc,6a42b9e4-7035-44ea-8b81-0e332c141d5e,1,7130.532373
2026/01/26/22:12:38,running-time,rs-000600-jc4mc,6a42b9e4-7035-44ea-8b81-0e332c141d5e,1,7131.532373
